im_rows: 96
im_cols: 128
nbObjs: 2
nbImgs: 10
nbIm_train: 6
nbIm_test: 4
nbComp: 3
classMeans:
391.976
458.698
67.6136
83.8661
77.4643
-10.6402
16.8982
-23.1246
15.3193
5.48826
1.7185
29.3935
-391.976
-458.698
-67.6136
-83.8661
-77.4643
10.6402
-16.8982
23.1246
-15.3193
-5.48826
-1.7185
-29.3935
globalMeans:
65.1667
65.0833
65.8333
69.6667
87
99.5833
109
112
110.75
118.083
115.083
120.833
119.583
122
122.917
122.25
117.667
113.333
107.833
109.333
110.917
113.083
124.333
121.167
127.5
126.833
128.917
129.5
129.333
129.5
130.083
130.333
130.667
130.833
130.917
130.5
130
129.333
127.75
123.833
119.917
116.167
115.75
116.583
118
119.25
120.5
122.083
122.917
123.583
123.667
123.833
124.167
124.333
124.583
124.667
124.667
124.583
124.833
124.667
124.333
123.5
123.583
123.25
123.083
122.917
122.5
122.333
121.917
121.917
121.75
121.75
121.333
121.25
120.833
120.917
120.667
120.333
120.333
120.083
120.25
119.917
119.417
118.75
119
118.667
118
117.667
117.5
117.083
117
117
116.583
116.167
116.083
115.833
115.667
115.417
114.917
115.083
115.083
114.5
114.5
114.167
114.25
114
113.917
113.917
113.75
113.667
113.333
113.25
113.333
113.25
113.333
113.167
112.083
110.167
105.75
103.25
103.333
101
95.4167
85.0833
73.0833
64.6667
56.5
58.5833
65.3333
65.4167
65.5
68.3333
84.9167
96.8333
109
111.833
108.833
118.833
114.417
120.75
122.667
127
127.5
127
121.25
116.667
113.25
108.5
114.667
111.333
125.333
120.667
128.25
126.583
129.417
129.833
130
130.25
130.083
130.833
131
131
130.917
131.083
130.667
129.5
127.917
123.833
120.333
116.25
115.833
117
118.167
119.333
120.333
122.167
123.167
123.417
124.167
124.333
124.5
124.333
124.583
124.333
124.833
124.833
125
124.417
124.5
123.833
124
123.583
123.583
123.167
123
122.083
122.25
122.333
122
121.833
121.667
121.5
121.25
120.917
121
120.75
120.917
120.75
120.333
119.667
119.417
119.333
119
118.75
118.333
118
117.75
117.5
117.583
117.333
116.75
116.583
116.667
115.917
115.583
115.25
115.25
115.167
115
114.667
114.75
114.417
114.5
114.333
114.083
114
113.583
113.417
113.5
113.417
113.833
113.75
113.75
113.75
112.667
110.333
105.75
103.75
103.417
100.833
94.75
83
74.0833
64
53.25
55.4167
66.4167
66.5
66.4167
69
85.4167
95.8333
109.583
112.5
107.833
119.583
114.5
117.417
120
123.833
124.5
124.5
119.417
117
118.083
106.917
115.583
110.333
125.667
120
128.25
126.667
129.667
130.5
130.333
130.5
130.667
130.917
131.583
131.917
132
131.583
131
130.167
128.583
124.5
120.583
116.75
116.083
116.583
117.917
119.417
120.417
122.333
123.333
123.583
124.083
124.333
124.667
124.917
125.083
124.583
124.917
125
124.833
124.417
124.5
124.25
123.917
123.833
123.417
123
122.75
122.75
122.5
122.333
122
122.167
121.667
121.333
121.25
121
120.75
120.917
120.833
120.583
120.333
120.167
119.917
119.75
119.5
118.917
118.25
118.167
118
117.75
117.5
117.083
117
116.917
116.583
116.25
116
115.583
115.5
115.25
115.083
115.167
115.25
114.75
114.5
114.5
114.25
114.083
113.667
113.583
113.667
113.667
114.167
114
113.667
113.667
112.583
110.25
106
104
104
101
95.1667
84.1667
74.6667
67.3333
56.3333
54.25
71
70.8333
70.75
74.0833
88.1667
97.6667
109.833
112.5
108.583
118.833
115
115.25
121.083
125.167
124.583
122
115.083
113.75
118
105.667
117.833
110
125.75
119.917
128.667
126.75
129.917
131
131.167
131.5
131.5
131.5
131.833
132.583
132.25
132.083
131.333
130.667
128.833
125.25
121.167
117.083
116.5
116.667
117.833
119.417
120.75
122.25
123.417
123.917
124.333
124.667
124.75
124.75
124.833
124.5
124.917
125
124.917
124.917
124.75
124.583
124.5
124.25
123.917
123.5
123.25
123.333
122.917
122.417
122.167
122.083
121.917
121.833
121.333
121.25
121.25
120.917
120.667
120.917
120.75
120.5
120.25
119.917
119.5
119
118.75
118.167
118.167
118.5
117.833
117.5
117.333
116.917
116.75
116.417
116.167
116
116
115.25
115.5
115.5
115.167
114.75
114.75
114.583
114.333
114.25
114.083
114
113.75
113.917
113.917
114.25
113.917
113.75
112.75
110.417
106.583
104.75
104.167
101.417
96.0833
87.5833
78.1667
72.4167
62.25
58
72.5833
72.3333
72.8333
77
90.5833
99.0833
110.417
113.25
110.5
114.667
113.75
110.667
113.917
116.333
119.167
116.917
111.583
111.833
115.25
101.833
117.833
109.583
124
120.083
128.667
127.333
130.417
131.583
131.75
132
132.167
132.25
132.5
132.667
132.583
132.25
131.583
130.917
129.333
125.417
121.417
117.083
116.417
117.167
117.917
119.833
120.917
122.167
123.417
124.083
124.333
124.5
124.75
124.833
125.167
124.917
125
125.167
125.25
124.917
124.583
124.667
124.583
124.417
124.167
123.917
123.333
123.083
122.833
122.667
122.333
122.417
122
121.75
121.917
121.417
121.083
121
121.25
121
120.75
120.583
120.417
120.25
119.833
119.5
118.75
118.667
118.333
118.417
117.833
117.917
117.5
117
116.917
116.583
116.75
116.417
116.167
115.75
115.417
115.25
115.417
115.083
114.5
114.5
114.167
114.25
114.25
114.083
114
114.083
114.083
114.25
114.25
113.583
113.083
111
106.917
104.833
104.417
101.833
96.8333
91.8333
85.3333
82
76.6667
74
80.75
79.5833
78.9167
81.75
94.75
100.167
110.5
112.833
115.417
113.667
114.917
108.417
110.917
112.167
116.667
114.25
110.333
111.167
115.417
104.5
117.917
110.917
123.75
122.25
128.25
127.75
130.667
131.583
132.417
132.333
132.5
133
132.917
133.083
132.833
132.75
132.083
131.167
129.583
125.667
121.667
117.833
116.5
117.167
118
119.583
120.75
122.333
123.417
124.167
124.75
125
125.25
125.167
125.167
125.167
125.25
125.25
125.25
125.167
124.917
124.75
125
124.583
124.25
123.833
123.917
123.25
123.25
123.25
122.917
122.583
122.333
121.917
122
121.583
121.417
121.583
121.25
121.167
121.083
121
120.75
120.417
120
119.833
119.5
118.917
119
118.083
118.25
117.917
117.5
117.583
117.333
117
117
116.333
116.333
115.917
115.75
115.583
115.583
115.417
115
114.667
114.667
114.75
114.333
114.5
114.583
114.333
114.5
114.583
114.333
114.083
113.083
111.25
107.417
105.417
104.833
102.75
97.5833
94.9167
91.9167
92.8333
89.0833
88.3333
91.3333
89.4167
89.25
90.8333
102.167
105
115.167
115.167
119.333
113.583
117.917
114
115.167
115.5
118.833
113.083
113
112.75
116.167
108.833
119.417
111.333
124.75
126.083
129
128.25
131.083
131.917
132.417
132.583
132.917
133.25
133.167
133.417
133.333
133
132.167
131.583
130
126.583
122.333
118.167
116.583
117.25
117.75
119.333
120.583
122.333
123.583
124
124.5
125
125.25
125.333
125.333
125.167
125.417
125.583
125.5
125.5
125.333
125.167
125.083
124.5
124.25
123.833
123.5
123.833
123.417
123.25
122.917
122.75
122.417
122.167
121.917
121.417
121.5
121.417
121.25
121.083
121
120.75
120.667
120.583
120.417
119.917
119.417
118.75
118.75
118.333
118.583
118.25
117.667
117.667
117.417
116.917
116.833
116.417
116.417
116.417
116.25
116.083
115.667
115.167
114.75
114.5
114.5
114.25
114.167
114.083
114.083
114.333
114.5
114.583
114.5
114.167
113
111.25
107.5
105.583
105.583
102.833
98.5833
95.5833
93.25
97.0833
94.8333
94.0833
110.417
107.75
106.333
107.333
116.083
116.75
122.333
120.917
124.833
117.833
120.167
118.083
119.333
118.917
121.5
115.333
115.917
115.833
117.083
115.25
122.25
117.083
125.25
128.25
130.583
130.417
132.167
132.417
133.167
133.333
133.75
133.75
133.667
134.083
134
133.417
132.583
131.333
130.083
126.917
122.333
118.333
116.583
117.333
118.083
119.583
120.583
122.333
123.5
124
124.75
125.083
125.583
125.25
125.667
125.75
125.917
126
125.833
125.75
125.417
125.333
125.25
125
124.667
124.333
124.083
124.167
123.833
123.833
123.167
123
122.833
122.25
122.333
121.917
121.75
121.667
121.333
121
121.167
121.167
121
120.75
120.667
120.25
119.833
119.583
119.167
119.083
118.5
118.25
118
117.667
117.25
117.583
117.333
116.75
116.583
116.75
116.75
115.917
115.667
115.333
115.25
114.917
115
114.75
114.583
114.5
114.417
114.667
114.833
114.667
114.583
114.667
113.583
111.583
108.083
106.083
105.667
102.917
98.8333
95.5
93.5833
97
93.9167
93.1667
127.917
126.75
125.833
124.833
126.5
126.833
129.75
128.5
129.917
124.583
124
120.583
122.667
123.5
124.083
120.333
119.333
120.25
121.583
123.75
125.5
125.333
129.25
130.417
132.25
132.667
133
132.833
133.25
133.5
133.833
133.917
134.083
134.25
133.917
133.5
132.917
132.083
130.5
127
122.583
118.667
116.75
117.417
118.083
119.75
120.75
122.5
123.75
124.333
125
125.167
125.417
125.333
125.667
125.833
126.167
125.75
125.833
125.667
125.25
125.417
125.25
125.25
124.667
124.583
124.25
123.917
123.917
123.583
123.167
123
122.583
122.583
122.25
122
121.833
121.75
121.417
121.5
121.25
121.25
120.833
120.833
120.667
120.417
119.833
119.75
119.417
118.75
119.083
118.75
118.583
117.917
117.583
117.5
117.333
116.667
116.667
116.917
116.667
116.167
116
115.667
115.5
115.167
114.833
114.5
114.417
114.333
114.417
114.417
114.75
114.5
114.583
114.583
113.5
111.583
108
106.25
106.333
103.333
98.6667
95.5833
93.1667
96.3333
93.4167
92.25
134.333
133.333
133.583
133.25
133
133.333
134.25
134.417
132.333
129.583
130.083
128.583
127.833
128.25
127.75
128.167
126
126.417
126.667
130.25
131
131.167
132.333
132.917
133.25
133.417
133.417
133.583
133.5
133.583
133.333
133.833
134.083
134.25
134.417
133.833
133.25
132.417
131.083
127.417
123.083
118.583
116.833
117.583
118.333
119.667
121
122.333
124
124.667
125
125.583
125.667
125.5
125.833
126
126.083
126
126.083
126
125.583
125.667
125.5
124.917
125.083
124.917
124.333
124
124.167
123.75
123.333
123.167
123.083
122.667
122.5
122.417
122.25
122.083
121.75
121.667
121.583
121.5
121.25
120.917
120.667
120.667
120.167
120.083
119.833
119.333
119.25
119.25
118.833
118.25
117.917
117.833
117.667
116.917
117.083
117
117.083
116.583
116
115.75
115.5
115.167
115.083
114.917
114.75
114.583
114.417
114.667
114.917
114.75
114.583
114.667
113.5
112.167
108.833
106.667
106.667
104.25
99
96.1667
94.25
98.25
95.3333
93.25
135.25
134.667
135.083
135.083
135.167
135.167
135.583
135.167
134.917
134.583
134.583
133.917
133.25
132.917
133.083
133.5
131.5
131.25
131.167
132.917
133.417
133.667
133.75
133.583
133.25
132.917
132.667
132.5
132.417
132.833
132.917
133.917
134.167
134
133.833
133.917
133.25
132.25
131.167
127.917
123
119.167
116.917
117.583
118
119.417
120.667
122.5
123.75
124.667
125.333
125.417
125.75
125.833
126
126.333
126.167
126
126.25
126.083
126.083
125.833
125.5
125.167
125.25
124.917
124.833
124.5
123.917
124.083
123.667
123.167
123.167
123
122.75
122.333
122.25
122
121.583
121.667
121.667
121.417
121.083
120.917
120.75
120.917
120.5
120.083
119.75
119.583
119.25
118.917
118.833
118.333
117.833
117.833
117.667
117.5
117.25
117.083
117.167
116.833
116.5
116
115.667
115.333
115
115
114.833
114.917
114.5
114.833
114.917
115.083
115.167
114.833
113.917
112.25
108.917
107
106.583
104
99.5833
96.4167
95.25
99.5
97.3333
95.25
135.917
135.583
135.5
135.75
135.583
135.583
135.833
135.667
135.833
135.75
135.5
135.917
135.417
134.667
134.417
134.75
134.667
134.25
133.583
134
134.667
134.75
134.583
134.25
134.25
133.417
133.083
132.75
132.75
133.25
133.75
134.333
134.417
134.75
134.583
134.167
133.5
132.5
131.417
128.417
123.667
119.5
116.75
117.5
117.833
119.5
120.667
122.75
124
125.083
125.5
125.917
125.917
126.083
126.583
126.167
126.167
126.25
126.333
126.333
125.833
125.75
125.75
125.667
125.667
125.333
125.167
124.917
124.5
124.167
123.833
123.667
123.5
123.083
122.75
123.167
122.75
122.667
122
122
121.917
121.667
121.167
121.417
121.167
120.75
120.417
120.583
120
119.75
119.333
119.083
119.25
119
118.583
118.083
117.75
117.667
117.667
117.417
117.25
117
116.667
116.333
116
115.583
115.333
115.167
114.917
115.083
115
114.667
114.833
115.25
115.417
115.167
114
112.083
108.917
107
107.25
104.417
98.9167
96.25
95
99.8333
98.4167
96.6667
136.167
136.333
136.167
136.25
136.417
136.25
136.5
136.333
136.083
135.833
135.667
136
135.667
135.417
135.5
135.083
135.25
135.25
135.25
135.167
134.917
135.583
135.25
135.25
135.083
134.833
134.667
134.5
134.083
134.417
134.583
135
135.25
135.25
134.833
134.5
134
133
132.167
128.917
123.917
119.583
116.833
118.083
118
119.833
121
122.5
124.333
124.75
125.5
125.833
126
125.917
126.333
126.417
126.417
126.5
126.583
126.667
126.5
125.833
125.917
125.75
125.583
125.417
125.25
125
124.75
124.583
124.083
123.75
123.5
123.583
123.25
122.75
122.583
122.75
122.417
122.167
121.667
121.75
121.583
121.5
121.167
120.833
120.583
120.417
119.917
119.667
119.75
119.5
119.167
118.833
118.417
117.917
118
118
117.917
117.417
117.417
117.333
116.833
116.417
116.167
116.083
115.917
115.417
115.417
115.083
115.333
115.333
115.083
115.5
115.417
115.167
114.667
112.5
109
107.167
107
104.583
99.6667
96.4167
95.5
100.333
98.1667
96.5833
136.667
136.917
136.917
136.917
136.75
136.417
136.583
136.583
136.5
136.667
136.5
136.5
136.5
136.333
136.25
136.083
135.833
135.5
135.5
135.667
135.5
135.75
135.5
135.75
135.667
135.917
135.667
135.75
135.583
135.417
135.083
135.583
135.75
135.75
135.167
134.667
134
133.25
132.333
128.833
124.333
120.25
117.25
118
118
119.917
120.75
122.667
124.417
125.083
125.917
126.167
125.917
126.167
126.25
126.417
126.75
126.667
126.833
126.5
126.75
126.417
126.25
126.083
126.083
125.667
125.5
125.083
124.75
124.583
124.417
123.917
123.75
123.417
123.25
122.917
122.667
122.583
122.5
122.333
121.833
121.667
121.833
121.583
121.333
121.25
120.75
120.583
120.333
120
119.917
119.417
119.083
118.917
118.583
118.75
118.333
118.417
118.167
117.917
117.833
117.583
117.25
116.5
116
115.833
115.667
115.5
115.75
115.333
115.25
115.333
115.75
115.917
115.583
115.5
114.75
113.167
109.5
107.417
107.583
105.25
100.083
96.9167
96
100.333
97.1667
95.6667
137.25
137.25
136.917
136.917
137.333
137
137.25
137.167
137.083
137
136.917
137.25
137
136.333
136.333
136.417
136
136
135.833
136.083
136.25
136.083
136.167
136.083
136.083
136.25
136.5
136
136.167
136.333
136.083
136.167
136.417
136
135.75
134.917
134.5
133.5
132.667
129.833
124.833
120.667
117.5
117.667
118.167
119.833
120.833
122.917
124.5
125.167
125.75
126.25
126.167
126.5
126.833
126.583
126.667
127
127.083
127
126.833
126.5
126.5
126.417
126.083
125.667
125.75
125.417
124.833
124.667
124.583
124.417
124
123.417
123.417
122.917
122.833
122.917
122.583
122.5
122.083
122.083
122.167
121.833
121.25
121.083
120.833
120.75
120.333
120.167
120.083
119.667
119.25
119.167
119.083
118.833
118.333
118.333
118.25
118.25
117.833
117.5
117
116.667
116.25
115.833
115.75
115.5
115.583
115.667
115.583
115.583
115.667
115.5
115.667
116
114.917
113.417
109.75
107.833
108.167
105.333
100.167
97.0833
95.6667
98.8333
91.5
90.0833
137.833
137.333
137.333
137.667
137.5
137.333
137.333
137.75
137.417
137.667
137.417
137.417
137.167
137.167
137.083
137.25
136.917
136.667
136.417
136.417
136.667
136.583
136.583
136.583
136.5
136.5
136.833
136.667
136.667
136.583
136.25
136.667
136.667
136.5
136.083
135.083
134.75
134.083
132.667
130.167
125.333
121
117.5
118.167
118.083
119.667
120.833
122.667
124.417
125.25
125.75
126.75
126.417
126.417
126.667
127
127.167
126.833
127
127.167
127
127
126.75
126.417
125.917
126
125.917
125.667
125.167
124.75
124.667
124.417
124
124.167
123.583
123.167
122.75
122.667
122.583
122.75
122.25
122.5
122.167
121.917
121.417
121.417
121.083
120.917
120.417
120.25
120.333
119.917
119.583
119.333
119.417
119.083
118.667
118.583
118.083
118.167
117.75
118
117.583
116.833
116.417
116.083
116.167
115.833
115.917
115.667
115.667
115.833
116
115.75
115.833
116
115.167
113.417
110.333
107.667
108.667
105.583
100.583
97.25
95.5
98.5833
88.9167
88.25
138.083
138.167
138.083
138
137.833
138.083
137.917
137.917
137.5
137.75
137.75
137.667
137.5
137.5
137.167
137.083
137.083
137.167
136.917
137.167
137.167
137.25
136.833
137
136.833
136.667
137.083
136.917
137.167
136.917
136.667
136.667
136.583
136.25
136.167
135.833
135
134.333
133.333
130.333
125.417
121.417
117.75
118.417
118.083
119.75
120.667
122.5
124.417
125.5
126.083
126.333
126.667
126.917
127.083
127.167
127.333
127.083
127.25
127.083
127
126.667
126.667
126.667
126.5
126.333
126.167
125.667
125.417
125.25
125
124.833
124.333
124
123.583
123.167
123.167
122.75
122.833
122.583
122.5
122.417
122.25
121.833
121.583
121.25
121.167
120.667
120.5
120.583
120.083
120.083
119.833
119.5
119.417
119.333
118.75
118.583
118.667
118.667
118.5
117.917
117.75
117.417
117
116.917
116.583
116.25
115.833
115.75
115.583
115.667
116
116.083
116.167
116.25
115.083
113.417
110.25
108.75
109.25
105.583
100.417
97.0833
96.25
100.333
94.75
93.25
138.917
139
138.583
138.667
138.75
138.583
138.583
138.167
138.167
138.167
138.167
138.083
137.667
137.833
137.667
137.5
137.5
137.417
137.333
137.333
137.583
137.583
137.333
137.25
137.083
137.5
137.417
137.583
137.417
137.333
137.167
136.667
136.5
136.833
136.5
136
135.333
134.667
133.833
130.833
126
121.75
118.083
118.333
118.083
119.583
120.75
122.5
124.417
125.583
126.25
126.667
127.083
127.25
127.333
127.333
127.417
127.333
127.333
127.5
127.417
127
127.167
127
126.833
126.5
126
125.833
125.583
125.583
125.417
125.167
124.833
124.083
123.833
123.583
123.333
123.25
123.083
122.75
122.667
122.667
122.667
122.25
122.083
121.75
121.5
121.333
121.083
120.917
120.667
120.5
120.167
120.25
119.833
119.667
119.333
119.167
119.167
118.667
118.25
118.167
117.75
117.333
117.333
116.917
116.75
116.417
116.417
116.25
116.25
116.083
116.333
116.25
116.417
116.25
115.5
113.583
110.5
108.75
109.5
105.917
101.083
97.75
96.9167
101.25
99.25
98.3333
139.167
139.167
139.25
139
139.083
139
138.75
138.833
138.75
138.75
138.75
138.917
138.667
138.417
138.333
138.333
138.083
137.667
137.5
137.667
138
137.583
137.417
138
138
137.75
137.75
137.917
137.5
137.583
137.333
137.167
137
137
136.917
136.5
135.5
135
134
131.167
126.417
121.75
118.167
118.5
118.5
119.583
121
122.333
124.25
125.667
126.333
126.833
127
126.917
127.083
127.167
127.25
127.583
127.75
127.583
127.5
126.917
127.167
126.833
126.667
126.25
126.167
126.25
125.75
125.75
125.5
125.417
125.083
124.25
124
123.833
123.583
123.333
123
122.917
122.833
122.667
122.167
122.167
122
121.667
121.167
121.333
121.167
120.917
121
120.583
120.167
119.833
119.833
119.75
119.667
119.333
118.667
118.583
118.5
118.25
117.917
117.833
117.167
116.667
116.833
116.5
116.5
116.5
116.333
116.583
116.583
116.667
116.667
116.583
115.667
113.917
110.667
108.917
109.083
106.5
101.417
98.25
97.25
101.5
100.167
98.0833
139.667
139.75
139.667
139.583
139.917
139.667
139.417
139.417
139.5
139
139.167
139.167
138.917
139.083
138.667
138.667
138.417
138.25
138.083
137.833
138.25
138.167
138
138.083
138.167
138.667
138.75
138.5
138.25
138
137.667
137.75
137.25
137.333
137.25
136.75
136.167
135.333
134.083
131.333
126.833
122.083
118.333
118.167
118.333
119.833
121.083
122.667
124.5
125.667
126.583
127
127.417
127.417
127.25
127.417
127.417
127.583
127.667
127.583
127.583
127.25
127.333
127.333
127
126.75
126.583
126.75
126.417
126
125.75
125.667
125.333
124.583
124.333
124
123.75
123.75
123.25
123.333
123.25
122.5
122.333
122.333
122.167
121.917
121.583
121.583
121.333
121.5
121.167
120.917
120.5
120.25
120.333
119.917
119.583
119.167
119.083
118.75
118.5
118.25
118.25
117.833
117.667
117.5
117.167
116.833
116.5
116.583
116.667
116.583
116.833
116.75
117.083
116.917
115.917
113.917
111.5
109.5
110.083
106.5
101.75
98.5
96.4167
101.833
100.833
99.5
139.75
140.167
140.083
140.25
140.25
140
140.333
140.25
140.167
139.667
139.75
139.583
139.417
139.5
138.833
139
138.833
138.833
138.667
138.5
138.667
138.583
138.417
138.333
138.75
138.75
138.833
138.917
138.75
138.417
138.083
138
137.583
137.75
137.5
137.083
136.5
135.75
134.583
132.167
127.583
122.833
118.833
118.667
118.5
119.917
120.917
122.833
124.25
126
126.833
127
127.333
127.333
127.333
127.417
127.75
127.833
127.667
127.583
127.667
127.583
127.417
127.333
127
126.667
126.583
126.667
126.167
125.583
125.667
125.75
125.25
124.833
124.167
124.167
123.583
123.75
123.333
123.583
123.333
122.917
122.583
122.667
122.333
122.167
121.917
121.583
121.25
120.917
121
120.583
120.833
120.583
120.167
120.25
120.083
120.25
119.5
119
118.917
119
118.333
118.083
118
117.583
117.25
117
117.167
117
116.667
116.75
117.083
117.167
117.333
117.167
116.333
114.583
111.417
109.417
110.083
107.25
101.75
98.6667
97.0833
102.25
101
102.167
140.25
140.25
140.5
140.583
140.667
140.583
140.75
140.25
140.25
140.417
140.25
140.5
140.25
139.667
139.583
139.5
139.417
139.25
138.833
138.917
139.5
139.583
139.333
139.25
138.833
138.917
139.333
139.167
138.917
138.5
138.5
138.083
138.25
137.917
137.833
137.5
137
136.167
135.083
132.583
127.917
123.833
118.917
118.75
118.667
120.083
121
123
124.667
125.75
126.667
127.333
127.417
127.333
127.5
127.667
127.833
127.917
127.667
127.75
127.583
127.667
127.5
127.417
127.333
127
126.833
126.75
126.25
126.167
125.917
125.75
125.417
125
124.833
124.333
124.333
123.75
123.5
123.583
123.083
123
122.833
122.667
122.417
122.5
121.917
121.833
121.333
121.417
121.083
120.667
120.917
120.667
120.5
120.667
120.5
120
119.75
119.25
119.5
119.333
119.083
118.5
117.833
117.75
117.5
117.25
117.25
117
116.5
116.917
117.167
117.083
117.167
117.417
116.75
114.75
111.833
109.917
110.417
107.333
101.917
98.6667
97.1667
102.833
101.167
103.167
140.833
140.833
140.75
140.833
141.083
140.917
140.917
141.417
140.833
140.667
140.5
140.75
140.583
140.083
139.917
139.75
140
139.583
139.583
139.917
139.583
139.75
139.333
139.5
139.167
139.333
139.667
139.333
139.417
138.917
138.583
138.667
138.5
138.25
138.25
137.667
137.417
136.583
135.75
133.5
128.583
123.917
119.5
119.083
119.083
119.917
121.167
122.583
124.417
125.917
127
127.75
127.667
127.583
127.667
128.083
127.917
128.167
127.75
127.5
127.75
127.667
127.667
127.25
127.167
127.167
126.917
126.5
126.5
126.417
126.083
125.833
125.5
125.333
124.833
124.667
124.5
124.417
123.917
123.583
123.667
123.583
123.083
122.75
122.667
122.5
122
121.833
121.583
121.417
121.417
121.25
121
121
120.583
120.583
120.583
120.25
120
119.5
119.333
119.583
118.917
118.583
118.25
118.167
117.75
117.333
117.25
117.25
117.25
117.25
117.25
117.667
118
117.75
116.917
115.167
112.167
110.417
110.667
107.833
102.833
98.9167
97.5833
102.833
101.167
103.667
141.083
141.333
141.167
141.083
141.417
141.25
141.25
140.833
140.833
140.917
140.75
140.75
140.833
140.75
140.167
140.333
140.167
140.167
140
140
139.833
140.083
139.667
139.667
139.667
139.75
139.667
139.833
139.5
139.25
139.333
138.833
138.667
138.667
138.25
137.75
137.917
137.5
136
134
129.167
124.25
119.75
119.25
118.833
119.75
120.833
122.583
124.5
125.583
126.667
127.333
127.833
127.917
128
127.667
127.833
127.833
128
127.833
127.5
127.667
127.583
127.5
127.667
127.417
127.333
127.167
126.75
126.667
126.25
126.25
125.667
125.417
125.333
124.75
124.667
124.333
124.083
123.917
123.5
123.5
123.167
123
122.583
122.667
122.417
121.583
121.667
121.75
121.417
121.333
121.333
121
120.667
120.75
120.333
120.25
120
119.833
119.667
119.333
119.333
118.833
118.667
118.25
118
117.667
117.667
117.583
117.583
117.5
117.333
117.833
117.917
117.917
117.25
115.417
112.333
110.917
110.917
108.167
102.75
98.9167
98
103.583
101.417
103.75
141.5
141.667
141.417
141.333
141.667
141.833
141.667
141.417
141.167
141.417
141.667
141.083
141
140.917
140.583
140.75
140.667
140.5
140.333
140.5
140.083
140.083
140.25
139.917
140.083
140.333
140.25
140.167
139.75
139.417
139.583
139.417
139.083
138.917
138.667
138.417
138
137.333
136.583
134
129.667
125.417
120.5
119.333
119.5
120.083
121
122.917
124.667
125.833
126.667
127.25
127.917
128
127.917
127.917
128.083
128.083
128.25
127.917
128.167
128.083
128
127.75
127.75
127.667
127.667
127.417
126.917
126.917
126.917
126.5
126.083
125.75
125.417
125.417
124.833
124.417
124.417
124.25
123.917
123.833
123.333
123.417
122.917
122.667
122.5
122.167
121.75
121.917
121.667
121.833
121.333
121.167
121.333
121
120.833
120.333
120.417
120.25
120
120
119.667
119.333
118.667
118.333
118.417
117.917
117.75
117.833
117.583
117.75
118
118
118
117.917
117.667
115.75
112.583
111
111.333
108.833
103.167
100.083
98.25
103.417
102.25
104.333
142
142.167
141.917
141.75
141.667
141.917
142
141.667
141.667
141.417
141.75
141.583
141.25
141.167
141
140.833
140.75
140.833
140.667
140.583
140.667
140.75
140.583
140.25
140.333
140.25
140.083
139.917
140.083
139.833
139.583
139.417
139.167
139
138.917
138.583
138.417
137.667
136.667
134.833
130.417
125.917
120.75
119.167
119
119.667
121.25
122.583
124.75
125.833
126.833
127.417
127.75
128.083
128.083
127.833
128.417
128.333
128.417
127.917
127.75
127.667
127.917
127.833
127.75
127.5
127.5
127.167
127.083
127.083
126.667
126
126
125.75
125.667
125.5
124.667
124.417
124.417
124.167
123.667
123.417
123.25
123.25
123.083
122.5
122.333
122.333
122.083
121.917
121.75
121.75
121.333
120.917
121
120.917
120.833
120.583
120.25
120.167
119.75
119.917
119.583
119
119
118.667
118.083
117.667
117.917
117.75
117.833
117.833
118.25
118.5
118.5
118.167
117.583
116
113.25
111.417
111.583
108.667
103.25
100.25
98.3333
104.25
102.167
104.167
142.333
142.417
142.583
142.333
142.417
142.25
142.583
142.417
142.583
142.167
142.25
141.667
141.667
141.417
141.667
141.5
141.25
140.917
141.25
141.167
141.25
141
140.833
140.667
140.583
140.5
140.25
140
140.333
140.333
140
139.75
139.75
139.5
139.167
138.917
138.417
138.083
137.5
135.583
131.417
126.833
121.5
119.333
119.583
120
121.417
122.667
124.583
125.917
126.833
127.25
127.75
128.083
128.5
128.083
128
128.167
128.25
128
128
127.917
128.417
128.083
128
127.667
127.5
127.417
127.417
127.167
126.75
126.833
126.25
126.167
125.75
125.333
125.167
124.75
124.75
124.667
124.083
124
123.333
123.667
123.083
123.083
122.75
122.417
122
121.917
121.667
121.583
121.25
121.417
121.083
121
120.833
120.833
120.333
120.167
120
120.083
119.75
119.333
119.333
118.917
118.583
118.25
118.417
118.667
118.333
118.333
118.333
118.75
119
118.5
117.5
116.167
113.417
111.75
112.167
109.167
103.333
100.25
98.4167
104.333
102.333
104.583
142.667
142.75
142.917
142.833
142.833
142.75
143.167
143
142.833
142.667
142.583
142.333
142.083
141.917
141.583
141.75
141.417
141.417
141.583
141.5
141.333
141.417
141.083
140.75
140.667
140.75
140.417
140.583
140.167
140.25
140.167
139.917
140.167
139.667
139.75
139.417
139.083
138.167
137.667
136.083
132.333
128.083
122.25
119.333
119.667
119.833
121.417
122.5
124.333
126.083
126.833
127.5
127.75
127.917
128.25
128.25
128.25
128.083
128.333
128.333
128.25
128.167
128.083
128.333
128.25
127.833
127.75
127.75
127.417
127.083
126.917
126.667
126.333
126
125.833
125.417
125.417
125.083
125
124.5
124.333
123.917
123.5
123.333
123.333
123.167
122.833
122.75
122.333
122
121.833
121.917
121.333
121.333
121.583
121.083
120.917
120.583
120.667
120.75
120.583
120.083
120.167
119.5
119.083
119.25
119.167
118.583
118.667
118.5
118.75
118.583
118.5
118.75
118.917
118.333
117.583
116.083
113.5
111.917
112.083
109.333
102.75
100.333
97.6667
103.833
102.167
104.5
142.917
143.25
143.25
143.417
143.5
143.25
143
142.917
143
142.667
142.667
142.583
142.583
142.417
142.25
142.167
142
141.75
141.583
141.75
141.5
141.583
141.25
140.75
140.833
140.833
140.75
140.833
140.417
140.5
140.333
140.25
140.417
140.167
139.917
139.5
139.167
139
138.417
136.917
133.5
128.417
123.333
119.75
120.167
119.833
121.583
122.75
124.583
126
127.333
128.083
127.917
128.333
128.583
128.333
128.25
128.25
128.417
128.5
128.25
128.083
128
128.083
128.25
128.25
128
127.917
127.583
127.417
127.5
127
126.75
126.333
126
125.417
125.333
125.417
124.75
124.833
124.75
124.333
124
123.583
123.333
123.083
123.083
122.75
122.583
122.25
122.25
122.417
122.083
121.917
121.5
121.25
121
121
120.833
120.667
120.417
120.167
120.083
119.5
119.333
119.583
119.333
119
118.667
118.583
118.75
118.917
119.083
119.25
119.167
119.333
118.167
116.5
114
112.5
112.167
109.583
103.25
101.417
97.5833
104.5
102.667
104.5
138
138.083
138.583
139.083
139.333
139.333
140.083
140.5
140.917
141.25
141.333
141.583
142.167
142.417
142.083
142.583
142.417
142.333
142.083
141.833
141.917
141.667
141.333
141.167
141.167
141.083
141.167
141.333
140.833
141.083
140.917
140.917
140.417
140.333
140.083
139.833
139.833
139.583
138.667
137.583
134.583
129.167
124
120.083
120.333
119.917
121.583
122.583
124.417
125.833
127.083
127.75
128.333
128.583
128.5
128.417
128.75
128.583
128.583
128.333
128.417
128.5
128.25
128.25
128.167
128.25
128
127.667
127.583
127.583
127.25
127.083
126.833
126.667
126.25
125.75
125.333
125.5
125.5
125.167
124.667
124.5
124.333
124.083
123.5
123
122.917
122.667
122.5
122.5
122.417
122.083
122
122
121.5
121.167
121.25
121
120.917
120.417
120.583
120.25
120.083
120.083
119.75
119.583
119.417
119
118.833
118.583
118.583
118.917
119.167
119.333
119.417
119.417
118.5
117
113.917
112.667
112.75
109.333
103.833
101.25
98
104.333
102.667
104.583
140.167
140.083
139.833
139.583
139.25
138.917
139.083
138.917
138.083
137.833
137.5
138
137.667
137.167
137.5
138.083
138
138.167
138.333
138.833
139
139.417
139.583
139.917
139.833
140.167
140.833
141.25
141.25
141.083
141.167
140.917
140.75
140.75
140.333
140.25
140.167
139.917
139.417
138.167
135.667
130.167
125.167
120.167
120.417
119.583
121.083
122.167
124.083
125.75
127.25
127.917
128.333
128.333
128.75
128.5
128.583
128.75
128.417
128.5
128.667
128.583
128.333
128.5
128
127.917
128
127.917
127.667
127.5
127.25
127.167
127.083
126.5
126.25
126.083
125.583
125.75
125.417
125.417
124.917
124.833
124.25
124.333
123.833
123.417
123.333
123
122.833
122.5
122.5
122.5
122.083
121.917
121.75
121.5
121.75
121.167
121
120.917
121
120.917
120.75
120.333
120
119.833
119.583
119.083
119.333
118.917
118.917
119
119.25
120
120.083
119.5
118.833
117.333
114.5
113.25
112.667
110.333
104.667
101.75
98.5
104.583
103
104.667
135.833
136.167
137
137.5
138
138.083
138.583
138.667
138.333
138.5
138.417
138.75
138.917
138.417
138.5
138
137.667
137.583
137.333
137.167
136.833
136.583
136.583
136.5
136
135.667
135.833
136.083
135.833
136.25
136.583
137
137.167
137.25
137.583
138.25
138.833
139
138.667
137.833
135.583
130.5
126.083
120.583
121
120
121.417
122.333
124.083
125.833
126.917
127.75
128.5
128.75
128.833
128.833
128.833
128.667
128.917
128.833
128.917
128.917
128.667
128.583
128.5
128.167
128.333
128
127.667
127.833
127.583
127.167
127
126.75
126.5
126.417
126
125.833
125.5
125.333
125
124.75
124.583
124.417
124.25
123.75
123.25
123.083
123.083
123
122.583
122.417
122.417
121.917
121.917
121.75
121.5
121.417
121.083
121.167
120.917
120.75
120.417
120.5
120.083
119.833
119.833
119.417
119.5
119.417
119.417
119.833
119.75
120
120
119.667
118.833
117.25
114.5
113.167
113
110.167
104.5
100.5
98.8333
104.667
103
105.167
130.917
131.417
132.583
132.25
132.167
132.417
133.333
133.333
133.417
133.167
133.583
133.5
133.333
134.167
134.25
135
135.083
135.5
135.417
135.25
135.667
136.083
135.75
135.917
135.583
136
135.833
136
135.917
135.833
135.833
135.5
135.417
135.333
135.917
135.583
135.667
135.667
135.333
135.167
133.167
128.833
125.917
120.917
121.5
120.333
121.583
122.583
124.167
125.5
127
127.917
128.5
128.75
128.917
128.917
129.083
128.917
129.25
129.083
129.25
129.167
129
128.833
128.583
128.583
128.167
128.167
127.75
127.917
127.75
127.417
127.083
127.333
126.917
126.417
126.25
126.167
125.667
125.583
125.417
125.333
124.917
124.75
124.167
124
123.417
123.667
123.5
123
122.583
122.667
122.25
122.167
122
121.833
122
121.833
121.75
121.25
121.25
120.833
120.5
120.25
119.917
120
120.167
119.75
119.75
119.833
120
120.333
120.167
120.5
120
120.25
119.083
117.917
115.167
113.333
113.5
110.417
104.75
101.917
98.6667
105
103.333
104.917
116.75
117.167
117.75
118.75
120.417
120.083
121.083
122.167
123.583
124.333
125.167
126.5
128
128.75
128.25
128.833
129.083
129.333
129.75
129.583
129.917
130.417
130.333
130.667
130.583
131.25
131.25
131.583
131.75
132.25
132.833
132.917
132.917
133.333
134.5
134.333
134.667
135
135.25
135
133.917
129.583
126.75
122.083
121.583
120.583
121.75
122.417
124.167
125.667
127.083
127.667
128.333
128.75
129.083
129.25
129.083
129.167
129.25
129.167
129.25
128.667
128.75
128.583
128.667
128.75
128.75
128.25
128.083
127.833
127.917
127.583
127.25
127
126.75
126.5
126.25
126.167
125.833
125.25
125.417
125.333
125.083
124.75
124.583
124.25
123.833
123.5
123.083
123.083
122.917
122.667
122.417
122.417
122.167
122.25
122.083
121.75
121.833
121.583
121.417
120.833
120.583
120.5
120.167
120
120.083
120.25
119.917
119.917
119.75
120.083
120.333
120.5
120.333
120.083
119.417
118
115.083
113.583
113.833
110.75
105.167
101.75
98.25
105.083
102.667
104.667
107.25
106.917
106.75
106.25
106.5
107.583
107.667
108.417
108.833
110
110.167
110.917
111.167
112
113
112.917
113.917
114.833
115.25
116.75
117.25
119
120.333
121.917
122.667
123.75
124.25
125.667
126.25
127.167
126.833
127.25
127.667
128
128.583
129.167
129.5
129.917
130.5
131.083
130.333
127.417
126.167
122
121.333
121
121.5
122.667
123.917
125.583
126.917
128.25
128.583
129
129.333
129.25
129.333
129.417
129.25
128.917
129.083
129
129.083
128.667
129.25
129.083
128.75
128.25
128.417
128.083
127.917
127.667
127.5
127.5
126.833
126.833
126.75
126.083
125.667
125.833
125.583
125.417
125.333
125.167
124.667
124.167
124
123.667
123.167
123.25
122.917
122.667
122.583
122.417
122.417
122.333
122.167
121.75
121.833
121.583
121.75
121.5
120.917
121
120.75
120.5
120.583
120.417
120.167
120.333
120.167
120.583
120.417
120.417
120.667
120.667
119.583
118.167
115.583
114
113.5
111
104.583
101.917
99
105.583
102.917
105
117.667
116.25
114.167
112.417
110.833
109.917
107.333
106.667
105
103.083
102.083
101
100.083
99.0833
98.5
98.5833
99
99.25
99.75
100.583
101.583
102.417
104.25
104.417
105.5
106.333
107.333
107.25
108.833
110.667
111.25
112.083
112.75
114.667
116.167
117.667
119.917
120.917
122.167
123.417
124.333
121.75
121.083
118.083
118.75
119.75
121.583
122.5
123.917
125.667
127.083
127.917
128.75
128.75
129.25
129
129.083
129
129.167
128.833
129.083
129.083
129.25
129.167
128.917
128.917
128.833
128.333
128.417
128.167
128
127.917
127.667
126.917
127
127.083
126.917
126.417
126.083
125.75
125.75
125.917
125.583
125.167
124.583
124.5
124.083
123.75
123.5
123.417
123.083
122.917
122.75
122.417
122.5
122.5
122.5
122.083
121.75
121.833
121.917
121.583
121.417
121
120.833
120.833
120.583
120.583
120.417
120.25
120.417
120.667
120.333
121.083
121.083
121
119.833
118.5
115.583
114.333
114.417
111.5
104.833
102.5
99.0833
104.917
103.333
105.25
130.833
129.5
127.75
126.083
124.5
123.25
121.083
118.667
116.667
115.583
112.667
110.75
108.417
106.583
104.75
102.667
101.5
100.25
98.8333
97.5833
96.1667
95.1667
94.5
93.5
92.75
91.8333
91.6667
92.1667
92.9167
93.1667
93.5833
94.9167
96.1667
97.3333
99.25
100.917
102.917
104.667
106.5
108.917
111
110.5
112.5
113.167
114.75
116.25
119.25
121.667
123.917
125.833
126.917
127.833
128.583
129
129.167
129.083
129.417
129.333
129.25
129.167
129.417
129.417
129
129.25
129.25
129.417
128.667
128.667
128.5
128.417
128.333
128
127.667
127.25
127.083
127.417
127
126.667
126.5
126
125.75
126
125.417
125.417
124.667
124.417
123.833
123.667
123.417
123.417
123.333
123.25
122.75
122.833
122.833
122.583
122.583
122.417
122.25
122.167
121.833
121.917
121.667
121.167
121.167
121
120.583
120.5
120.75
120.583
120.5
120.667
120.917
120.917
121.083
120.667
120
118.667
116
114.583
114.5
111.583
105.5
102.667
99.0833
105.75
103.667
106
138.167
137.333
136.333
135.167
133.833
132.917
131.583
130.583
128.833
127.5
125.167
123.5
122.083
120.25
118.333
116.917
114.667
112.917
111
108.833
107.25
105.833
103.333
101.5
99.6667
98.5
96.75
95.75
94.3333
93.75
92.9167
91.9167
91.25
91.3333
91.1667
91.6667
92.5833
93.6667
94.8333
97.4167
101
103.417
107.333
109.917
112.417
115.833
119.25
121.917
124.25
125.833
127
127.917
128.5
128.833
129.083
129.25
129.333
129.5
129.083
129.25
129.5
129.583
129.417
129.583
129.333
129.25
129.083
129.417
128.917
128.75
128.583
128.25
127.917
127.417
127.417
127.167
126.75
126.583
126.167
126.417
126.333
126.25
125.5
125.417
125.083
124.667
124.333
123.833
123.667
123.5
123.167
123.333
123.083
123.167
122.917
122.5
122.417
122.333
122.083
121.917
122
121.667
121.5
121.167
120.917
121
120.917
120.833
120.75
120.5
120.5
120.75
121
120.75
121.167
121.167
120.417
118.833
116.167
114.417
114.417
111.417
105.417
102.667
99.1667
105.667
103.833
105.833
141.5
141.083
140.5
139.417
138.833
138.083
137.25
136.25
135.417
134.333
132.917
132.083
130.667
129.667
128
126.917
125.583
124.25
122.417
121.083
120
118.667
117.25
115.167
113.417
111.667
110.25
108.667
107
105.417
103.75
102.083
100
99.1667
98.5
98.25
98
98.5833
98.75
100.25
102.167
104.583
108.5
111.75
114.333
117.333
119.833
122.333
124.25
125.917
127.083
127.833
128.667
129.083
129.25
129.417
129.75
129.667
129.75
129.417
129.333
129.583
129.5
129.333
129.5
128.917
129.333
129.25
129.417
128.833
128.5
128.5
128.083
127.5
127.5
127.083
127
127
126.917
126.583
126.167
126
125.917
125.833
125.417
125
124.583
124.25
124.167
124
123.833
123.667
123.583
123.167
122.75
122.667
122.75
122.417
122.5
122.25
122.25
122.083
122
121.5
121.583
121.167
120.917
121
120.917
120.833
120.917
121.083
121.25
121.583
121.5
121.167
120.417
119.083
116.583
114.917
114.833
112.25
106.417
102.25
99.3333
105.917
103.917
106.333
143.25
142.75
142.583
142
141.667
140.833
140.25
139.5
138.833
138.167
137.083
136.583
135.75
135
133.667
133
132
131.167
130
129.083
127.917
127
126.167
124.667
123.5
121.917
120.5
119.5
118.333
116.917
115.667
114.5
112.583
111.5
110.25
109.583
109
108.75
108.333
108.583
109.333
110.833
113
115.333
117.167
119.333
121.083
123.25
124.583
126.083
127.167
128.167
128.583
129.25
129.5
129.583
129.917
129.833
129.75
129.25
129.333
129.417
129.417
129.167
129.583
129.167
129
129
129
128.833
128.5
128.25
128.083
128
127.417
127.333
127.083
126.917
126.667
126.583
126.5
126.083
126.083
125.917
125.333
125.25
124.5
124.417
124.167
124.083
124.25
123.917
123.5
123.25
122.833
122.75
122.75
122.667
122.333
122.167
122.083
122
122.083
121.5
121.5
121.167
121.167
121
121.083
120.833
120.833
121.25
121.25
121.167
121.583
121.25
120.667
119.667
117
115.167
115.167
112.417
106.417
102.583
99
105.583
103.75
106.333
144.417
144.083
143.917
143.5
143.083
142.833
142.25
141.5
140.667
140.25
139.583
139.333
138.333
137.917
137.167
136.667
135.917
135.167
135
133.833
132.917
132.333
131.5
130.667
129.667
128.833
127.667
126.917
125.917
124.917
123.833
122.667
121.917
120.75
119.667
119.167
118.417
118
117.5
117.25
117.25
117.5
118.417
119.5
120.75
121.917
122.917
124.167
125.583
126.75
127.667
128.333
129.167
129.583
129.667
129.667
129.833
129.75
129.583
130
129.917
129.417
129.833
129.75
129.5
129.5
129.583
129.5
129.333
129.167
129.083
128.833
128.083
128.167
127.667
127.5
127.417
127.167
127.083
126.75
126.75
126.667
126.25
126.083
125.5
125.333
124.75
125
124.417
124.333
124.25
124.083
123.75
123.833
123.417
122.833
122.833
122.667
122.5
122.5
122.667
122.25
122
121.917
121.417
121.417
121
121.167
121.25
121
121.167
121.417
121.5
121.417
121.583
121.5
121
119.917
117.333
115.583
115
112.25
106.917
103.083
98.8333
105.167
103.417
105.917
145
144.75
144.333
143.917
143.833
143.417
142.833
142.667
142.083
141.583
140.583
140.333
140.083
139.583
139.083
138.333
137.833
137.667
137.083
136.417
135.75
135.5
134.583
134.083
133.333
132.667
132
131.083
130.417
129.667
128.917
128.167
127.417
126.75
126.167
125.417
124.833
124.5
123.917
123.333
123
122.917
123.25
123.5
124.167
124.583
125.083
125.917
126.833
127.5
128.083
128.667
129.167
129.25
129.833
129.833
129.833
129.583
130.083
129.833
129.583
129.583
129.917
129.75
129.667
129.417
129.333
129.333
129.167
129.25
129
128.75
128.417
128.167
127.833
127.583
127.25
127.417
127.25
126.917
126.917
126.75
126.667
126.417
125.917
125.583
125
125.167
124.917
124.667
124.333
124.167
123.75
124
123.667
123.25
123.417
123.417
122.833
122.583
122.5
122.583
122.083
121.833
121.583
121.583
121.417
121.333
121
120.917
121.083
121.25
121.5
121.417
121.5
121.417
120.917
119.583
117.417
115.583
115.5
113.25
106.333
102.333
98.6667
104.667
103.083
106
145.75
145.25
145
144.75
144.5
144.25
144.083
143.583
142.833
142.083
141.917
141.583
140.833
140.917
140.333
139.833
139.417
139.167
138.583
138.083
137.75
137.25
136.833
136.25
135.833
135.417
134.75
134.333
133.667
133.167
132.25
132
131.333
130.833
130.25
129.833
129.417
128.917
128.417
128.167
127.833
127.5
127
127
126.917
126.833
127.417
127.833
128.417
128.417
128.833
129.167
129.75
129.75
130.333
130.167
129.833
129.833
129.917
129.917
130
130.083
130.25
129.917
130
129.583
129.583
129.5
129.5
129.417
129.167
129
129
128.417
128
127.917
127.583
127.417
126.917
126.667
126.833
127.167
126.583
126.417
126.167
125.75
125.417
125.167
124.833
124.5
124
124.167
124.167
123.833
123.667
123.583
123.5
123.5
123.167
122.667
122.417
122.5
122.5
122
121.75
121.75
121.5
121.167
121.25
121.167
121.25
121.333
121.5
121.583
121.667
121.833
121.25
119.75
117.75
115.75
115.667
113.25
106.167
103.417
98.3333
104.25
102.583
105.833
145.5
145.25
145.083
145
144.75
144.417
144.333
144
143.333
143.083
142.833
142.417
141.75
141.667
140.917
140.583
140.167
140.25
139.583
139.25
138.833
138.583
138.083
137.667
137.083
136.75
136.417
136
135.667
134.917
134.333
133.75
133.333
133.083
132.583
132.417
132.167
131.5
131.167
130.833
130.583
130
130
129.75
129.5
129.667
129.25
129.417
129.75
129.667
129.667
129.833
130.25
130.25
130.583
130.167
130.583
130.167
130.167
130.083
129.833
129.833
130.083
129.833
129.833
129.75
129.833
129.917
129.583
129.5
129.5
129.25
128.833
128.5
128.083
127.75
127.583
127.583
127.333
127.167
127.083
127.167
126.75
126.417
125.833
125.833
125.417
125.167
124.667
124.5
124.417
124.583
124.583
124.167
124.083
123.833
123.833
123.75
123.083
123.083
122.667
122.833
122.5
122.083
121.75
121.833
121.5
121.75
121.5
121.333
121.333
121.75
121.75
121.667
122
121.917
120.917
120
117.833
116.083
116.083
113.667
106.583
102.667
98.25
104.167
103
105.5
146
146
145.667
145.25
144.667
144.667
144.5
144.5
144.167
143.75
143.25
143
142.083
142
141.417
141
141
140.583
140.5
140
139.833
139.333
138.833
138.75
138.417
138.083
137.75
137.417
136.667
136.5
136
135.417
135
135.25
134.667
134.417
134.167
133.583
133.333
133
132.583
132.167
132.167
132.25
132
131.5
131.083
131
130.833
130.833
130.583
130.5
130.917
130.833
131.25
130.833
130.833
131
130.583
130.333
130.25
130.333
130.167
130.083
130.167
130.167
130.083
130
129.917
129.583
129.583
129.25
129.25
129
128.333
128.25
127.917
127.667
127.5
127.5
127.583
127.417
127.167
127
126.75
126.083
125.917
125.667
125.083
124.833
124.75
125.083
124.417
124.583
124.083
124.25
123.917
123.75
123.333
123.167
123
122.917
122.75
122.333
122.167
121.833
121.917
121.667
121.5
121.417
121.583
121.833
121.917
122.25
122.167
122
121.583
120.417
118.25
116.583
116.417
114.333
106.75
103.25
98
104
102.75
105.25
146.333
146
146
145.583
145.25
145.083
145
144.667
144.25
144
143.667
143
142.917
142.667
142.083
141.583
141.5
141.25
141.083
141
140.417
139.833
139.75
139.833
139.25
139.083
138.75
138.333
137.917
137.5
137.083
136.833
136
135.833
135.5
135.25
135.25
134.75
134.5
134.5
134
133.833
133.333
133.083
133.25
133
132.75
132.083
131.833
131.833
131.5
131.417
131.583
131.417
131.583
131.167
131.333
131.167
130.75
130.667
130.667
130.417
130.417
130
130.083
130
130.083
130
130
129.917
129.667
129.417
129.167
128.75
128.667
128.25
127.917
128
127.917
127.833
127.667
127.333
127
126.833
126.417
126.167
125.667
125.667
125.667
125.167
124.917
124.583
124.583
124.583
124.25
124.083
124.083
123.917
123.75
123.833
123.167
122.917
122.75
122.167
122.5
122.25
122.083
121.917
121.833
121.583
121.75
121.667
121.917
122.167
122.167
122.083
121.833
120.667
118.5
116.75
116.917
114.333
107.167
103.333
97.9167
103.75
102.333
105.25
146.833
146.333
146.333
145.917
145.5
145.083
145.25
144.75
144.583
144.25
144.083
143.75
143.333
142.917
142.583
142.5
141.917
141.833
141.417
141.5
140.917
140.583
140.583
140.5
140.083
139.75
139.083
139.167
138.583
138.333
138
137.667
137.333
137.083
136.417
136.75
136.417
135.917
135.833
135.25
134.917
134.667
134.417
134.083
134.167
134
133.667
133.083
133.25
133
132.667
132.583
132.333
132.333
132.25
132.083
131.75
131.417
131.083
131.083
130.75
130.583
130.5
130.333
130.5
130.417
130.333
130.333
129.833
129.833
129.75
129.75
129.5
129.083
128.917
128.667
128.333
128.167
127.917
127.917
127.5
127.5
127.083
127.083
126.75
126.5
126.167
126.167
126
125.5
125.083
125
124.75
124.833
124.583
124.417
124.167
123.833
123.833
123.5
123.333
123.417
123
122.75
122.75
122.333
122.333
121.833
122
121.75
122.083
121.833
122.25
122.583
122.667
122.667
122.25
120.833
118.833
117.167
116.917
114.333
107.917
104
99.1667
105
103.417
106.167
146.667
146.583
146.417
146.083
145.667
145.083
145.25
144.833
144.667
144.417
143.917
143.583
143.333
143.167
142.917
142.667
142.417
142.083
142
141.5
141.333
141.167
140.667
140.917
140.5
140
139.75
139.667
139.333
139
138.583
138.25
137.917
137.583
137.25
137.25
136.833
136.5
136.167
136.167
135.917
135.25
135.083
134.667
134.583
134.5
134.417
133.917
133.75
133.417
133.417
133
132.917
132.417
132.25
131.917
132
131.833
131.5
131
131.167
131.083
130.917
130.667
130.583
130.667
130.583
130.5
130.25
129.75
129.667
129.833
129.333
129.167
129.167
128.667
128.167
128.167
128.083
127.75
127.583
127.583
127.083
127.083
127.25
126.667
126.5
126.167
125.833
125.583
125.167
125.167
125.083
125.167
124.75
124.583
124.083
123.833
124.167
123.583
123.5
123.417
123.167
122.833
122.583
122.333
122.167
122.25
122.083
121.917
121.833
121.833
122.167
122.5
122.833
122.667
122.25
121.25
119.083
117.5
117.333
115
108.583
105.833
101.167
106.5
104.75
107.083
147
146.583
146.917
146.5
146.083
146
145.75
145.25
145.083
144.75
144.333
144.083
144
143.5
143.083
143.167
142.667
142
141.833
141.917
141.833
141.333
141.333
141.083
141.083
140.75
140.25
139.833
139.75
139.417
138.917
138.667
138.417
138.25
137.917
138.083
137.583
137.167
136.833
136.833
136.667
136
135.833
135.5
135.667
135.083
135
134.583
134.5
133.917
134
133.917
133.667
133.167
132.667
132.75
132.583
132.083
132
131.75
131.583
131.167
131.083
130.833
130.75
130.833
130.417
130.583
130.333
130.167
130.167
130.25
129.75
129.167
129.083
129
128.75
128.583
128.417
128.25
128
127.75
127.75
127.417
127.167
126.417
126
126.167
126.083
125.75
125.417
125.583
125.083
125.083
124.917
124.75
124.583
124.083
124.25
123.75
123.5
123.833
123.417
123
122.667
122.583
122.5
122.333
122.25
122.417
122.25
122.417
122.417
122.833
122.833
122.917
122.5
121.25
119.167
117.833
117.917
115.75
108.583
108.667
102.75
108.25
106.75
109.167
147
147
147.083
146.75
146.167
146
145.833
145.833
145.417
145
144.5
144.167
143.667
143.75
143.5
143.5
143.083
142.667
142.333
142.083
141.833
141.667
141.5
141.417
141
140.75
140.583
140.333
139.917
139.667
139.167
139
138.917
138.5
138.5
138.167
138.083
137.75
137.25
137.083
136.833
136.75
136.167
135.917
136
135.417
135.417
135
135
134.667
134.417
134.083
133.917
133.583
133.167
133.167
132.75
132.417
132.25
131.917
131.667
131.583
131.667
131.333
130.917
131.083
130.917
130.667
130.583
130.417
130.167
130
129.917
129.667
129.417
129.25
128.583
128.5
128.583
128.5
128.25
128
127.583
127.583
127.417
127.25
126.583
126.5
126.167
125.917
125.75
125.833
125.583
125.333
124.833
124.583
124.583
124.333
124.417
123.917
124.25
123.917
123.083
122.917
122.917
122.833
122.5
122.417
122.417
122.5
122.5
122.667
122.583
122.75
123
123.25
122.917
121.833
119.5
118.417
117.833
116
110.5
110.75
104.5
111.083
110.417
111.833
147.333
147.25
146.917
147
146.5
146.25
146
145.667
145.333
145.083
144.667
144.583
144.083
144.083
143.667
143.583
143.417
142.833
142.667
142.667
142.5
142.25
141.667
141.25
141.25
140.833
140.917
140.583
140.083
140
139.583
139.417
139.167
138.833
138.833
138.833
138.333
138
137.417
137.5
137.667
137.25
136.667
136.333
136.333
136.25
136
135.583
135.167
135
134.5
134.667
134.583
134
133.917
133.417
133.583
133.083
132.75
132.333
132.167
131.833
131.667
131.417
131.167
130.833
130.833
130.75
130.583
130.25
130.25
130.25
129.5
129.75
129.583
129.25
129.083
128.75
128.667
128.75
128.083
127.833
127.667
127.583
127.417
127.417
126.833
126.5
126.333
125.917
126.167
125.917
125.833
125.583
124.917
124.833
124.417
124.417
124.583
124.417
124.167
123.833
123.667
123.417
123.083
122.833
122.667
122.5
122.5
122.833
122.667
122.667
122.833
122.75
123.167
123.167
123
122.167
120.167
118.75
118.5
116.583
112.167
113.5
109.25
115.583
114.75
116.417
147.833
147.417
146.917
147
146.583
146.25
146.083
145.667
145.583
145.417
145
144.583
144.417
144.25
143.75
143.583
143.333
143.25
142.833
142.667
142.417
142.25
141.917
141.833
141.417
141.5
141.167
140.917
140.667
140.083
139.75
139.75
139.417
139.167
138.583
138.75
138.667
138.417
138.25
138.25
137.75
137.5
137.167
137.5
136.75
136.667
136.417
135.917
135.75
135.583
135.167
134.583
134.417
134.5
134.167
133.833
133.833
133.333
132.917
132.917
132.833
132.167
132
131.417
131.333
131.333
131.25
130.833
130.667
130.667
130.5
130.25
130.167
130
129.667
129.667
129.417
129.167
129
128.75
128.25
127.917
128
127.75
127.25
127.25
126.917
126.75
126.583
126.333
126.25
126.083
125.833
125.417
125.083
124.833
124.833
124.5
124.083
123.917
124.333
123.917
123.75
123.333
123.083
122.917
122.583
122.583
122.5
122.667
122.75
123.167
123.083
123.417
123.917
123.75
123
122.25
120.333
118.917
118.667
117.75
115.167
117.167
115.917
123.167
122.167
123
147.75
147.333
147.333
147.167
147
146.75
146.917
146.167
145.667
145.417
145.25
144.917
144.917
144.5
144.583
144.167
143.917
143.583
143.333
143.083
142.833
142.5
142.25
142.333
141.75
141.75
141.5
141.667
141
140.583
140.417
140.25
140.083
139.75
139.333
139.167
138.667
138.667
138.5
138.25
137.833
137.667
137.583
137.667
137.167
137
136.667
136.333
136.083
135.667
135.417
134.667
134.583
134.5
134.5
134.333
134.083
133.583
133.333
133.25
133.083
132.333
132.083
132.167
132
131.917
131.667
131.417
130.917
130.917
130.583
130.5
130
129.833
129.667
129.583
129.5
129
128.833
128.833
128.25
128.25
128.167
127.75
127.583
127.333
127.167
126.917
126.917
126.667
126.5
126.667
126
125.583
125.583
125.167
125.083
125.083
124.75
124.417
124.5
124.167
124.083
123.583
123.5
123.583
123.167
122.917
122.917
123.333
123.083
123.333
123.167
123.667
124
123.583
123.333
122.583
120.667
119.25
118.833
118.833
118
120.833
121.583
129.583
129.75
126.25
148.25
147.833
147.75
147.5
147.333
146.917
146.583
146.5
146.167
146
145.417
145.583
145.25
144.75
144.5
144.417
144
144.083
143.583
143.333
143.167
143.167
142.833
142.75
142.667
142.583
141.833
141.583
141.333
140.75
140.5
140.25
140.25
140.167
139.833
139.75
139.333
139.417
138.75
138.417
138.083
138
137.833
137.667
137.5
137.25
137
136.917
136.667
136.167
135.583
135.667
135.417
135.083
134.833
134.583
134.417
133.75
133.75
133.5
132.833
132.917
133
132.667
132.25
131.833
131.667
131.667
131.5
131.083
131
130.667
130.5
130.333
130
129.833
129.917
129.583
129.417
129.167
128.75
128.667
128.5
128.167
127.667
127.583
127.667
127.333
127.167
126.917
126.833
126.75
126.333
125.833
125.75
125.25
125.5
125.417
124.917
124.75
124.667
124.583
124.333
123.917
123.833
123.5
123.417
123.333
123.25
123.167
123.417
123.583
123.5
123.833
124.083
124.167
124
123.083
121.5
119.917
119.75
119.167
119.083
122.167
124.583
131.917
133.833
126.917
148.333
148
147.833
147.583
147.333
147
146.833
146.5
146.167
145.917
145.417
145.417
145.333
145
144.75
144.667
144.5
143.833
143.75
143.75
143.333
143.5
143
142.667
142.25
142.25
141.833
141.583
141.417
140.75
140.5
140.333
140.25
140.25
140.083
139.75
139.5
139.25
139
138.5
138.5
138
137.833
137.5
137.5
137
137.083
136.833
136.667
136.083
136
135.833
135.667
135.333
134.917
134.5
134.583
134.333
133.833
133.75
133.25
133.167
133
132.583
132.333
132.167
131.917
131.75
131.5
131.083
131
130.833
130.667
130.25
130
129.75
129.75
129.583
129.417
128.75
128.583
128.833
128.75
128.333
128
127.5
127.333
127
127.083
127.083
126.833
126.583
126.583
126.083
125.75
125.583
125.583
125.167
125.083
124.833
124.917
124.5
124.417
124.333
123.75
123.5
123.417
123.167
123.417
123.5
123.5
123.75
124.333
124.167
124.667
124.5
124.167
123.25
121.417
120
120.083
119.417
119.167
122.75
125.167
132.917
134.833
128.667
148.167
148.25
148.25
147.75
147.5
147
147
146.583
146.5
146.083
145.75
145.833
145.25
144.917
144.833
144.5
144.25
144.167
143.833
143.667
143.333
143.333
143
142.917
142.833
142.75
141.917
141.917
141.667
141.25
140.917
140.583
140.333
140.5
140.25
140.167
139.917
139.333
139.167
138.833
138.333
138.5
138
137.75
137.833
137.75
137.5
137.25
137
136.667
136.333
136.333
136.167
135.583
135
134.417
134.583
134.5
134.25
133.833
133.75
133.667
133.25
132.917
132.5
132.667
132.333
132.083
131.917
131.667
131.167
130.917
130.583
130.667
130.333
130.167
130
129.833
129.667
129.583
129.25
129
128.417
128.667
128.083
127.583
127.417
127.333
127.25
126.917
126.833
126.583
126.583
126.417
125.75
125.75
125.417
125.5
125.333
125.083
125.167
124.833
124.667
124.417
124
123.833
123.5
123.417
123.583
124
124
123.917
124.75
124.583
124.833
124.833
124.5
123.417
121.417
120.083
119.833
119.167
119.917
122.25
126
133.25
134.833
129.083
148.417
148.5
148.333
148.083
147.667
147.25
147.083
146.667
146.417
146.167
145.917
145.75
145.5
145
144.833
144.5
144.417
144.333
143.667
143.583
143.583
143.333
143.083
142.833
142.833
142.833
142.083
141.917
141.667
141.667
141.25
141
140.75
140.417
140.167
140.25
140.083
139.417
138.917
138.75
138.167
138.167
138.167
138.167
137.917
137.75
137.417
136.917
137.333
136.667
136.417
136.25
135.917
135.833
135.25
134.833
134.833
134.5
134.333
133.75
133.667
133.667
133.5
133.083
132.833
132.5
132.333
132.417
131.917
131.75
131.583
131.25
130.833
130.583
130.167
129.833
129.75
129.75
129.5
129.583
129.25
129.083
128.667
128.75
128.083
127.833
127.583
127.167
127.083
126.833
126.917
126.75
126.833
126.583
126.417
126.083
125.833
125.417
125.333
125.083
124.917
124.833
124.333
124.167
124.083
124
124
123.667
123.833
124.083
124.25
124.5
124.333
124.667
125
124.917
124.583
123.75
121.917
120.417
119.583
119.417
119.417
122.5
126.417
134
134.583
128.917
149
148.417
148.333
148.167
148
147.583
147.5
147.167
147.083
146.833
146.167
146.25
145.833
145.75
145.083
144.917
144.833
144.667
144.333
144.083
144.083
144
143.417
143.167
143.25
143
142.667
142.167
142.083
141.917
141.667
141.25
140.917
140.583
140.167
140.083
140
139.75
139.417
139.167
138.75
138.417
138.417
138
138.167
137.833
137.5
137.5
137.333
137
136.417
136.25
136.583
136.25
135.917
135.667
135.167
134.917
134.5
134.167
134.083
133.75
133.583
133.083
133.167
132.667
132.667
132.75
132.25
132.167
131.75
131.5
131.25
130.75
130.583
130.333
130.083
130.167
129.917
129.667
129.667
129.417
129.167
129
128.333
128.167
127.833
127.833
127.417
127.333
127.25
126.833
127.167
126.75
126.167
126.167
125.833
125.583
125.5
125.417
125.5
125.25
125
124.667
124.667
124.25
124.167
123.833
123.833
124.25
124.083
124.667
125.167
125.083
125.25
125.417
124.75
123.917
122.167
120.583
120.417
120.083
119.917
122.833
126
134.25
135.167
128.917
148.917
148.583
148.75
148.25
147.833
147.75
147.5
147.25
147
146.417
146.25
146.167
146.083
145.833
145.667
145.167
144.917
144.667
144.667
144.333
143.833
144.083
143.667
143.5
143.25
142.917
142.583
142.25
142.083
141.833
141.583
141.583
141.25
141.083
140.417
140.25
140.167
140
139.583
139
138.917
138.583
138.583
138.5
137.917
137.917
137.583
137.417
137.5
137.25
136.833
136.75
136.583
136.167
136.25
136
135.5
135
134.667
134.333
134.083
134.083
133.75
133.5
133
132.667
132.5
132.583
132.167
132
131.75
131.25
131.25
131
130.5
130.167
130.083
130
129.833
129.917
129.25
129.333
129.333
129
128.833
128.417
128.083
127.583
127.583
127.25
127.167
127.25
126.833
126.917
126.583
126.25
126.083
126.083
126
125.583
125.583
125.417
125.5
125.083
125.083
124.333
124.333
124.333
124.417
124.417
124.417
124.917
125.167
125.333
125.333
125.333
125
124
122.167
120.833
121.083
120.25
120.333
123.5
126.667
134.25
135.833
129.75
149.25
149.167
148.833
148.5
148.583
148.167
147.833
147.583
147.25
146.917
146.833
146.5
146.167
146
145.667
145.5
145.25
145
145.083
144.667
144.333
144.167
144.167
143.5
143.333
143.167
143.167
142.917
142.667
142.5
141.917
141.833
141.333
141.167
140.667
140.667
140.25
140.25
139.667
139.583
139.083
139
138.833
138.5
138.417
138.333
138.167
137.667
137.417
137.25
137.333
136.917
136.583
136.417
136.25
135.917
135.5
135.167
135
134.75
134.417
134.25
134.083
133.75
133.167
133.25
132.833
133
132.833
132.333
132.167
131.75
131.833
131.417
131
130.667
130.5
130.167
130.083
129.917
129.75
129.833
129.583
129.083
128.917
128.417
128
127.75
127.583
127.75
127.833
127.25
127.083
126.833
126.75
126.667
126.417
126.167
126.333
126.083
125.75
125.583
125.417
125
125.083
124.917
124.833
124.333
124.333
124.583
124.667
125
125.417
125.5
125.75
125.917
125.167
124.333
122.5
121.083
121.25
120.833
120.5
123.5
127
134.333
135.917
128.917
149.667
149.417
149.5
148.75
148.167
148.417
148.083
147.417
147.25
147
146.833
146.583
146.333
146
145.583
145.25
145.167
145.167
144.667
144.583
144.5
144.333
144
143.917
143.75
143.5
143.333
143.25
142.833
142.417
142.417
142.25
141.583
141.25
140.667
140.75
140.167
140.167
139.833
139.583
139.333
139.25
138.917
138.667
138.583
138.5
138.333
138.167
137.417
137.417
137.417
136.833
136.75
136.667
136.5
136
136
135.417
135.333
135
134.333
134.167
134.167
133.75
133.5
133
132.917
133
132.417
132.333
132.083
131.75
131.833
131.583
131
130.667
130.333
130.417
130.333
130.167
129.917
130
129.75
129.167
129.083
128.667
128.167
128
127.833
127.75
127.583
127.25
127.083
127
127
126.75
126.583
126.333
126.25
126
125.833
125.583
125.333
125
125
124.5
124.667
124.75
124.75
124.5
124.833
125
125.5
125.917
125.75
125.75
125.583
124.917
122.833
121.5
121.667
120.667
120.667
123.5
126.667
135
135.833
128.167
149.667
149.583
149.417
149.083
148.75
148.417
148.083
147.75
147.333
147.25
146.917
146.833
146.417
146.25
146.083
145.667
145.583
145.25
145.083
145.083
144.917
144.417
144.333
144.25
144.083
143.917
143.667
143.083
142.917
142.833
142.417
142
141.75
141.333
140.917
140.917
140.833
140.583
140.333
140
139.5
139.75
139.333
139
138.833
138.917
138.5
138
137.917
137.667
137.583
137.417
137.417
136.583
136.583
136.167
136.25
135.75
135.333
135.167
135
134.417
134.25
133.75
133.333
133.25
133.25
133.167
133
132.917
132.583
132.25
132.083
131.75
131.417
130.75
130.5
130.75
130.5
130.333
130.25
130.167
129.667
129.417
129.25
128.917
128.667
128.25
127.833
127.75
127.833
127.583
127.5
127.25
127
126.75
126.583
126.75
126.25
125.917
126.167
125.5
125.25
125.25
124.917
124.667
124.75
124.75
124.917
124.667
124.833
125.417
125.667
125.667
126.333
126.083
125.833
124.833
123.25
122
121.583
120.583
120.25
123.25
127
134.75
136.25
127.917
149.75
149.583
149.5
149.333
148.917
148.583
148.167
148.083
147.917
147.417
147.167
147.25
146.667
146.667
146
145.833
145.583
145.417
145.083
145.25
144.917
144.75
144.417
144.5
143.917
143.917
143.75
143.583
143.333
142.75
143.083
142.5
141.917
141.417
141.25
141.083
140.917
140.583
140.333
139.833
139.583
139.417
139.5
139.25
138.75
138.583
138.25
138
138.25
138
137.583
137.5
137.5
137
136.583
136.083
136
135.75
135.667
135.333
134.833
134.583
134.333
133.833
133.833
133.583
133.333
133.25
133.167
132.917
132.583
132.25
131.917
131.5
131.417
130.833
130.417
130.5
130.333
130.167
129.833
130
129.667
129.667
129.5
129.167
128.333
128.167
127.917
127.75
127.583
127.583
127.583
127.333
127.167
126.917
126.667
126.5
126.583
126.417
126.333
126.083
125.417
125.417
125.5
125
125.083
125.083
124.833
124.917
125.333
125.75
126.083
126.167
126.25
126.167
125.917
125.167
123.75
122.25
121.917
121
121.083
123.333
125.667
133.083
133.417
126.583
149.917
150
149.917
149.25
149.083
148.583
148.417
148.5
147.833
147.667
147.417
147.333
146.833
146.667
146.5
146.417
145.833
145.75
145.167
145.083
144.833
144.833
144.667
144.667
144.417
144.083
143.917
143.917
143.583
143.083
142.75
142.583
142.083
141.75
141.583
141.25
141
140.667
140.417
140.333
139.667
139.417
139.75
139.25
138.5
138.583
138.583
138.333
138.333
138.083
138.083
137.75
137.667
137.167
136.833
136.417
136.25
135.75
135.75
135.75
135.167
134.667
134.417
134.5
133.917
133.667
133.667
133.417
133.167
132.833
132.583
132.167
132.083
131.833
131.333
130.75
129.417
130.333
130.75
130.333
130.417
129.917
130.167
129.917
129.5
128.5
127.667
127.667
128.333
128.167
127.917
127.833
128
127.5
127.583
127.25
127
126.667
126.417
126.75
126.75
126.417
126
125.667
125.75
125.5
125.167
125.167
125.167
125.167
125.5
125.5
126.083
126.333
126.5
126.583
126.417
125.5
124.083
122.75
122.25
121.167
121.167
123.083
126.25
132.75
133.583
126.333
150.5
149.75
149.75
149.333
149.25
149
148.417
148.583
148.083
148
147.667
147.333
146.917
146.75
146.417
146.25
146.083
145.75
145.5
145.583
145.25
145.167
144.917
144.667
144.5
144.333
143.917
143.917
143.75
143.5
143.167
142.917
142.333
142.25
141.583
141.417
141.083
140.75
140.5
140.667
140.333
139.833
139.917
139.333
139.167
138.917
138.667
138.5
138.417
138.25
137.917
137.667
137.75
137.417
137.083
136.667
136.5
136.083
136.083
135.667
135.25
134.833
134.583
134.25
134
133.917
133.583
133.167
133.333
133.167
132.667
132.25
131.75
131.583
131.417
130.333
129.333
127.75
128.667
129.583
129.917
129.667
126.667
127.667
127.583
127.167
125.333
125.25
126.833
128
127.833
127.917
127.75
127.25
127.25
127.083
127.083
126.833
126.917
126.917
126.75
126.333
126.333
125.667
125.75
125.75
125.75
125.333
125.333
125.583
125.583
126
126.417
126.75
126.5
126.5
126.167
125.583
124.25
122.5
122.167
121.667
121.25
124.5
126.667
132.25
131.5
125.333
150.333
150.167
149.917
149.583
149.417
149.083
148.667
148.583
148.25
148
147.583
147.417
147.25
147.083
146.667
146.583
146.417
146
145.75
145.5
145.417
145
144.667
144.833
144.667
144.667
144.083
144.25
144.083
143.417
143.167
142.917
142.583
142.417
142
141.667
141.25
140.833
141.083
140.667
140.333
140
139.917
139.667
139.25
139.083
138.833
138.75
138.583
138.25
138.083
137.917
137.583
137.167
137.167
137
137
136.5
136.333
135.917
135.667
135.167
135
134.5
134.25
134.167
133.833
133.25
133.333
133.167
132.417
132
131.5
131
130.833
130.75
129.667
127.917
125.417
126.083
128.5
129.917
126.667
123.667
123.333
123.083
122.5
122.583
123.25
125.333
127.583
127.583
127.917
127.917
127.667
127.667
127.167
127
126.667
127
126.833
126.667
126.417
126.25
126
125.75
125.667
125.833
125.5
125.75
125.75
126.083
126.75
126.833
126.667
127
126.583
125.833
124.417
123.083
122.583
122.167
120.167
125
126.833
133.167
130.583
125.083
150.667
150.333
150.333
149.75
149.667
149.75
148.917
148.917
148.5
148.167
148
147.833
147.75
147.167
146.75
146.75
146.583
146.167
145.833
145.5
145.25
145.167
144.917
144.833
144.667
144.417
144.333
144.417
143.667
143.667
143.167
143.167
142.75
142.333
141.917
141.667
141.417
141.167
140.75
140.417
140.167
140.083
140
139.583
139.417
139.5
139.417
139.083
138.5
138.417
138.417
138.25
137.667
137.5
137.583
137.167
137
136.75
136.5
136
135.75
135.583
134.75
134.583
134.417
134.083
134
133.417
133.5
132.5
131.667
130.333
130.083
131.083
130.917
130.417
129.667
126.75
125.583
125
125.25
127.5
128
124.167
122.833
122
121.833
120.917
120.917
122.417
124.083
126.917
127.583
127.833
127.583
127.583
127.417
127.25
127
126.917
126.667
127
126.583
126.083
126.083
125.917
126
125.583
125.417
125.583
125.583
126.083
126.75
126.917
127
127.25
126.833
126
124.75
123.167
122.833
122
119.333
125.417
125.083
128.25
121.833
119.75
151.083
150.667
150.75
150.25
149.75
149.583
149.167
149.167
149
148.583
148
147.417
147.583
147.333
147
146.917
146.667
146.417
145.833
146
145.583
145.5
145.167
145.25
145.167
145
144.917
144.417
144.083
143.917
143.583
143
142.833
142.75
142.417
142.333
141.917
141.75
141.417
140.667
140.5
140.5
140.5
140
139.75
139.417
139.417
139.25
138.833
138.583
138.583
138
137.75
138
137.917
137.5
137.333
137
136.5
136.333
136
135.583
135.25
135.167
134.75
134.417
134.333
134.167
133.333
132.667
131.417
130.25
128.083
127.583
128.417
129.25
129.917
129
125.5
124.333
124.167
124.417
127
126.083
122.75
122.417
122
120.917
120.667
120.833
122.083
123.417
127
127.667
127.75
127.75
127.75
127.333
127
127
127
126.75
126.667
126.167
126
126.167
125.833
125.75
126
125.917
126
126.333
126.417
126.917
127.25
127.333
127.083
126.333
125.25
123.75
123.083
121.75
118.25
123.667
119.5
121.583
116.833
115.667
151
150.5
150.833
150.417
149.833
149.5
149.167
149.333
149
148.583
148.167
147.917
147.583
147.5
147.083
146.917
146.917
146.75
146.25
145.917
145.75
145.917
145.083
144.917
145.083
144.75
144.417
144.333
144
143.833
143.583
143.333
142.917
143.083
142.833
142.417
142.083
142
141.667
141
140.833
140.417
140.333
140.167
139.833
139.417
139.333
139.167
138.917
138.5
138.333
138.083
138.417
138
138
137.417
137.417
137.167
136.75
136.583
136.167
135.5
135.167
135.083
134.75
134.333
134.083
134
133.167
130.5
128
127.167
127.417
127.917
127.083
126.833
127.75
127.333
126.667
124.917
123.5
123.5
123.833
124.667
122.833
122
121.667
121.833
120.75
120.417
120.667
122.5
123.667
127.167
127.417
127.667
127.25
127.333
127.333
127
127
126.583
126.667
126.5
126.083
126.083
125.833
125.75
126.083
126.167
126.167
126.417
126.75
127.333
127.75
127.583
127.333
126.583
125.417
123.917
123.25
122.083
120
126.5
123.667
124.167
118.583
117.417
151.333
151.25
150.833
150.333
149.833
149.583
149.667
149.583
149.167
149.167
148.5
148.083
147.75
147.417
147.25
147.083
146.833
146.667
146.167
146.083
145.833
145.75
145.333
145.25
145.333
144.917
144.917
144.75
144.333
144.167
144
143.75
143.667
143.417
142.833
142.5
142.25
141.75
141.667
141.25
140.75
140.583
140.583
140.333
140.25
139.917
139.917
139.583
139.083
138.917
138.667
138.417
138.417
138.167
137.917
137.5
137.583
137.333
136.917
136.667
136.417
136.167
135.75
135.25
135.167
134.833
134.583
133.167
130.083
128.833
126.5
126.083
125.667
124.5
124.583
124.583
125.25
126.833
126.583
125.333
124
123.583
123.167
122.583
122.25
122
121.667
122.083
121.667
120.917
120.5
121.25
123.083
125
127.083
127.417
127.417
127.25
127.333
127.083
127.25
126.833
126.583
126.333
126.25
126.417
126.333
126.333
126.417
126.583
126.417
126.667
127.333
127.583
127.5
127.667
127.583
127.167
125.917
124.667
124.083
122.5
125.5
130.833
130.083
129.167
126
123.333
151.25
150.917
151
150.583
150.5
150
149.583
149.083
149
148.75
148.417
148.25
147.917
147.583
147.25
147.083
146.833
146.917
146.417
146.083
145.917
145.75
145.667
145.25
145
145
144.917
144.75
144.667
144.667
144.167
143.667
143.667
143.417
143
142.833
142.25
142
141.667
141.5
141.333
140.5
140.5
140.417
140.167
139.917
139.583
139.25
139.5
139.167
138.833
138.667
138.583
138.167
137.833
137.333
137.25
137.167
137
136.833
136.667
135.917
135.833
135.583
135.167
135.083
134.25
133.5
132.75
130.083
127.333
126.667
126.25
126.083
124.917
124.25
124.25
125
126.25
125.667
124.25
123.75
123.167
122.583
122.167
122
121.667
121.75
121.333
120.75
120.417
120.667
122.167
123.917
126.25
127.5
127.583
127.5
127.25
127
127.167
126.833
126.75
126.833
126.583
126.417
126.167
126.083
126.417
126.333
126.5
127
127
127.333
127.667
127.667
127.583
127.333
126.25
125.5
124.667
122.833
127.25
132.417
134.167
132
129.25
124.75
150.917
151.083
151
150.417
150.5
150.167
150
149.5
148.917
148.667
148.417
148.333
148.083
147.75
147.583
147
146.833
147
146.833
146.417
146.167
146.083
146
145.583
145.5
145.25
145
144.917
144.583
144.75
144.333
144.167
143.667
143.5
143.333
142.917
142.5
142.25
142.083
141.75
141.667
140.917
141
140.667
140.667
140.333
140.167
139.417
139.167
139.083
138.667
138.917
138.667
138.333
138
137.917
138
137.417
137
136.667
136.583
136.5
135.917
135.75
135.583
134.917
134.833
134.417
133.583
131.25
129.833
125.333
125.083
125
124.583
124.5
123.75
124
125.083
125.917
125.083
123.75
123.167
122.667
122.417
122
121.5
121.333
121.583
121.333
120.333
120.417
121.25
123.083
125
127
127.333
127.25
127.417
127.25
127.167
126.833
126.583
126.667
126.667
126.667
126.333
126.417
126.5
126.583
126.917
127.083
127.167
127.583
127.917
127.917
127.833
127.667
126.667
126.25
125.583
123.167
128.5
131.25
133.083
130.5
126.583
122.583
151.333
151.333
151.5
150.917
150.667
150.167
150
150
149.583
149.167
148.667
148.167
147.75
147.833
147.667
147.333
146.917
147
146.5
146.833
146.583
146
145.5
145.833
145.25
145.25
145
145
144.833
144.583
144.417
144.083
143.917
143.833
143.5
143
143.083
142.583
142.167
142.167
141.5
141.167
141
140.5
140.5
140.25
139.917
139.583
139.667
139.333
138.667
138.583
138.583
138.417
138.583
138.25
138
137.5
137.083
136.833
136.583
136.333
135.917
135.917
135.667
135.25
134.833
134.5
133.25
128.583
125.75
124.75
124.583
124.167
124.25
123.833
123.5
123.833
124
125.583
126
124.583
123.333
122.917
122.417
121.833
121.333
121.5
121.417
120.583
120.667
120.833
120.833
122.5
124.333
125.833
127
127.167
127.083
127.25
127.417
127
126.667
126.5
126.167
126.25
126.5
126
126.583
126.583
127.083
127.167
127
127.167
127.5
127.5
127.833
127.833
126.917
126.833
126.083
122.75
126.833
129.583
131.583
128.667
123.917
120
151.167
151.333
151.5
151
150.833
150.5
150.25
149.917
149.667
149.5
149.25
148.667
148.417
148
147.667
147.417
147.083
147
146.917
146.667
146.583
146.417
146
145.833
145.583
145.167
145.25
145.167
144.833
144.917
144.583
144.417
144.25
144
143.667
143.5
143.083
142.833
142.417
142.333
141.583
141.583
141.25
141
140.667
140.167
140.333
140.167
139.75
139.667
139.417
138.75
138.917
138.333
138.5
138.167
137.917
137.75
137.5
137.083
137
136.583
136.5
136.083
135.917
135.25
134.917
134.167
129.25
125.5
124.5
124.667
124.583
124.167
124
123.917
123.583
123.5
123.5
125.083
128.167
125.5
123.083
122.75
122.083
121.833
121.667
121.417
121.25
121.167
120.417
120.833
120.75
121.417
124.25
125.083
126.917
127.25
127.417
127.333
127.333
127
126.583
126.333
126.167
126.583
126.167
126.083
126.667
126.833
127.083
127.25
127.417
127.75
127.833
127.833
128.167
128.25
128
127.167
126.083
123.25
126.667
130
131
128.5
122.833
119.833
151.833
151.5
151.25
151.167
151
150.833
150.5
149.917
149.833
149.5
149.25
148.917
148.667
148.417
148.083
147.333
147.25
147.333
146.667
146.583
146.25
146.25
146
145.75
145.333
145.333
145.25
145.25
145
144.75
144.75
144.5
144.083
143.917
143.833
143.333
143.167
142.917
142.667
142.333
141.917
141.5
141.667
141.25
140.667
140.583
140.167
140.083
139.917
139.583
139.5
139.167
138.833
138.5
138.333
138.083
137.583
137.417
137.417
137.5
137.167
136.5
136.583
136.583
135.833
135.333
134.917
131.25
125.833
125.083
124.583
124.333
123.917
123.75
123.667
123.333
123.167
123.083
123.083
123.583
127.417
125.083
122.917
122.25
120.917
119.333
117.583
117.333
117.667
118.833
119.167
120.417
120.25
120.667
123.417
124.333
126.25
126.833
127.167
127.417
127.333
126.75
126.167
125.333
125.917
124.583
125.417
125.583
125.917
126.333
126.75
127.167
127.167
127.417
127.833
127.917
128.25
128.333
128.667
128.25
127.667
123.667
126.25
129.083
132.5
129.583
123.5
120
152
151.667
151.583
151
151.25
151
150.5
150.25
150
149.583
149.167
149.167
148.5
148.25
147.75
147.333
147.167
147.417
147.083
146.917
146.5
146.417
146.167
146.167
146
145.75
145.417
145.25
145.083
144.75
144.75
144.667
144.667
144.167
144.167
143.833
143.167
143.167
142.583
142.083
142.167
141.833
141.5
141.083
141
140.75
140.25
140.167
139.833
139.833
139.083
139.083
138.75
138.667
138.5
138.333
138.333
137.833
138
137.25
137.167
136.833
136.417
136.333
135.833
135.667
133
127.083
125.583
125.25
124.75
124.333
124.083
124.083
123.333
122.917
122.917
122.75
122.5
122
123.417
123.583
122.083
120.75
119.25
117.75
115.75
114.333
113.167
113.417
113.083
113.083
114
115.667
119.083
123.083
125.333
126.5
126.917
127
126.917
125.833
123.917
122.833
121.75
123.083
124.667
125
125.333
125.667
126.417
126.917
127
127.417
127.167
127.5
127.833
128.583
129.75
129.25
128
124
125.417
124.583
127.583
125.5
121.833
119
151.833
151.917
151.75
151.417
151
150.917
150.833
150.25
149.833
149.75
149.333
149.417
148.667
148.167
147.833
147.917
147.75
147.333
146.917
146.917
146.5
146.5
146.25
146.417
145.75
145.417
145.25
145.167
145.25
145.167
144.583
144.583
144.167
144.25
143.833
143.833
143.417
142.833
142.667
142.583
142.25
141.833
141.667
141.417
141.167
140.917
140.667
140.417
140
139.667
139.417
139.333
138.917
138.75
138.5
138.25
138
138
137.75
137.417
137.417
137.083
136.75
136.417
135.5
131.25
127.417
126.333
125.5
125
124.417
123.833
122.833
122.333
121.667
120.5
120.333
119.917
117.833
118.083
117.167
114.667
113.417
113.5
113.417
112.417
110.917
110.583
110.167
110.5
110.75
110.667
110.333
110.083
112.75
115.333
119.667
121.25
123.167
124.667
124.917
124.5
120.833
117.75
117.417
116.917
119.75
122.917
122.667
120.917
124
124.667
126
125.833
126.417
127.167
127.333
127.75
128.667
128
126.167
121.167
122.5
121.5
125.833
123.417
118.75
116.5
152.083
152
151.833
151.5
151.417
151
151
150.167
150.167
150.083
149.5
149.5
149.333
148.667
148.417
148
147.667
147.417
147
146.75
146.917
146.667
146.583
146.333
146.167
145.833
145.667
145.333
145.333
145.333
145.083
144.75
144.583
144.25
144.083
144.083
143.5
143.083
143.083
142.75
142.417
141.833
142
141.917
141.25
141.083
140.583
140.333
140.333
140.083
139.667
139.417
139.333
138.833
138.75
138.5
138.25
138.083
137.833
137.417
137.417
136.833
136.667
133.167
129.167
127.5
126.917
126.417
125.917
125.25
124.667
124
123.167
121.5
119.917
116.833
114
112.167
109.667
105.167
99.5
95.6667
91.5833
89.0833
87.5
89.4167
92.25
94.4167
98.0833
101.083
102.667
104.667
106.5
107.75
110.083
111.083
114.083
114.5
114.333
117.583
120.417
121.833
121.5
116
114.667
113.917
115.083
117.167
117.917
117.333
116.333
117.25
120.667
122.667
124.083
125.333
125.917
126
126.25
123.417
121.667
115.083
119.333
115.417
119.167
116.917
116.083
114.5
152.167
151.833
151.667
152
151.417
151.25
150.917
150.667
150.167
149.75
149.5
149.5
149.25
148.833
148.5
148.333
147.75
147.583
147.083
147
147
146.833
146.667
146.583
146.5
146.167
145.833
145.5
145.5
145.25
144.917
144.833
144.583
144.25
144.083
144
143.333
143.167
143.333
143
142.75
142.25
141.75
141.667
141.333
141.083
140.833
140.417
140.167
139.75
139.5
139.417
139.333
139.083
139
138.5
138.5
138.333
137.917
137.583
137.5
136.917
132.333
128.583
127.75
127.083
126.75
126.167
125.583
125.167
124.75
123.5
121.417
119.333
117.417
114.583
112
108.083
101.833
93.8333
85.9167
78.4167
74.1667
70.9167
66.9167
65.6667
65.4167
68.0833
71
76.6667
81.3333
87.25
93.0833
95.8333
101.667
103.333
106.25
107.333
107.167
107.75
110.667
115.5
117.417
116.833
111.833
112.25
112.583
114.167
115
114.917
110.583
109.5
109.917
113.083
119.25
119.5
119.083
121.25
121.583
119.583
118
111.75
116.333
113.75
118
116.333
114.167
110.583
151.917
151.917
152.25
151.75
151.333
151.417
151.167
150.833
150.583
150.25
149.667
149.833
149.333
148.667
148.417
148.333
148.083
147.667
147.25
147.25
146.833
147
146.833
146.5
146.667
146.333
145.917
145.833
145.667
145.417
145.083
145.083
144.75
144.667
144.417
144.25
143.833
143.5
143.25
143
142.5
142.417
141.75
141.75
141.667
141.417
141.167
140.917
140.667
140.25
140.167
139.917
139.75
139.417
139.417
138.917
138.75
138.667
138.167
137.667
136.917
132
128.667
128.083
127.667
127.333
126.833
126.167
125.583
125.417
123.333
121.833
119.333
116.917
114.5
111.333
105.75
98.3333
87.8333
80
72.5
62.5
55.9167
50.6667
48.0833
48.0833
48.4167
50.1667
52.9167
55.6667
59.8333
63.3333
68.4167
74.8333
81.25
87.1667
93.8333
98.3333
99.9167
100.75
101.917
106.5
108.5
110.667
107.417
109.917
110.583
109.917
111.75
110.333
108.583
102.333
101.75
103.417
104
106.917
110
109.833
114.167
114.333
113.667
108.667
108.417
107.833
108.417
108.25
106.667
105.833
152.333
152.083
152.583
151.75
151.333
151.5
151.083
150.833
150.5
150.25
150
149.75
149.417
148.917
148.333
148.25
148.083
147.917
147.167
147.167
147
147.167
146.917
146.833
146.583
146.333
146.083
145.917
145.833
145.5
145.333
145.083
144.75
144.583
144.583
144.417
143.75
143.417
143.167
143.417
142.917
142.417
142.167
141.833
142.167
141.833
141.417
140.917
140.917
140.25
140
140.083
139.75
139.583
139.583
139.25
138.667
138.667
138.333
137.083
132.25
129.75
128.833
127.833
127.667
127.167
126.333
126.167
124.75
122.167
119.583
117.75
116.167
113.583
108.833
100.917
91.1667
79.9167
70.75
63.9167
52.8333
43.6667
38
35.5
32.8333
30.6667
31.1667
32.3333
34.5833
39.1667
43
47.6667
52.8333
56.9167
65.25
71.6667
76.3333
80.3333
87.8333
91.3333
92.8333
96.4167
102.583
102.583
99.8333
102.083
105.833
105.5
107.5
105.333
103.083
95.8333
86.4167
82.9167
89.9167
90.25
99.6667
101.917
103.667
104.917
105.167
104.25
100.083
97.0833
95.25
98.6667
95.4167
93.1667
152.5
152.417
152.5
152.25
151.833
151.5
151.833
150.833
150.667
150.5
150.083
149.583
149.417
149
148.417
148.25
148.333
147.833
147.5
147.5
147.083
147.167
147
147.083
147
146.583
146.083
145.833
145.833
145.667
145.25
145.25
144.833
145
144.667
144.583
144.083
143.667
143.417
143.167
143.083
142.833
142.583
142.25
142.167
141.667
141.5
141.25
141.167
140.667
140.333
140.083
139.75
139.417
139.5
139.083
138.75
138.333
137.417
132.417
130
129.083
128.75
128.25
127.917
127
126.25
125.083
121.583
119.333
117.417
115.5
111.083
105.333
94.4167
84.1667
72
63.0833
52.3333
45.1667
39.6667
35.0833
30.4167
27.1667
24.1667
22.9167
22.1667
21.9167
22.4167
25.5
29.5
32.0833
36.25
40.6667
45.8333
55.8333
62.4167
65.4167
69.0833
76.5
84.1667
86.0833
90.9167
89.9167
90.5833
92
96.3333
96
96
98.3333
94.0833
89.9167
83.1667
72.3333
70.9167
74.5833
80.5
87.75
91.5
92.5
97.3333
97.5833
96.5833
92.75
87.9167
87.5
88.4167
87.5833
152.667
152.5
152.083
152
152.333
151.917
151.75
151.417
151
150.833
150.417
150.083
149.583
149.25
148.75
148.417
148.5
148.25
147.75
147.917
147.417
147.167
147.083
147
146.667
146.667
146.583
146.417
145.917
145.917
145.667
145.417
145.083
144.917
144.5
144.583
144.417
143.917
143.5
143.417
143.333
142.75
142.917
142.417
142.083
141.917
141.75
141.5
141.417
141
140.75
140.167
140.083
139.667
139.667
138.833
138.417
136.75
131.667
129.417
129.083
129.167
128.5
127.917
127.833
127
125.5
121.333
118.917
117.167
114.25
107.917
100.5
89.0833
77
66.25
57
46.5833
39.1667
36.0833
32.4167
30
28.4167
27.9167
27.25
26.1667
25.4167
24.9167
23.9167
22.9167
22.6667
23
24.9167
29.0833
35.25
43
48.8333
54.5
58
60.4167
68.75
72.6667
77.6667
79.8333
78.9167
77.0833
79.8333
83.0833
87.1667
86.25
82.1667
79.1667
71.3333
64.25
60.5833
62.0833
65
71.9167
75.6667
79.5833
84
85.8333
90.5833
92.8333
91.5
89
87.25
88.8333
152.917
152.5
152.25
152
152.333
152.083
151.917
151.167
151
150.833
150.833
150.083
149.917
149.583
149.25
148.917
148.5
148.167
147.833
148
147.25
147.5
147.417
147.333
146.917
146.667
146.583
146.25
146.25
145.917
145.417
145.583
145.25
144.75
144.75
144.583
144.25
143.75
143.75
143.25
143.083
142.833
142.75
142.5
142.167
142
141.75
141.417
141.5
141.083
140.667
140.167
139.917
138.667
137
133.667
130.833
129.917
129.25
128.833
128.667
128.417
128.167
127.333
125.25
122.583
116.75
114
112.417
107.25
100.25
91.4167
79.5833
70.4167
58.9167
50.6667
42.5833
38
33.1667
31
29.4167
28.5833
28.0833
27.75
27.5833
27.5
26.8333
26.3333
26.25
26.25
26
25.25
23.75
24.5833
28.5
33.8333
38.9167
43
46.25
52.25
58.3333
59.5
66.6667
67.8333
67.8333
64.5
69.8333
71
75.5
76.9167
69.5
59.3333
60.5
53.9167
51.0833
49.75
50
56.6667
63.75
67.9167
73.6667
76.25
79.9167
87.6667
95.8333
95.8333
93.9167
92.0833
153
152.75
152.667
152.083
152.167
152.167
151.833
151.583
151.167
150.917
150.5
150.75
150
149.833
149.417
149.333
149.167
148.833
148.333
148.333
147.75
147.75
147.667
147.5
146.75
147.167
147
146.833
146.917
146.25
145.833
145.833
145.333
145.083
145.333
145
144.75
144.333
144.167
143.75
143.5
143
143
142.667
142.75
142.333
141.833
141.667
141.417
141.417
140.833
140.167
138.167
135.75
132.333
130.917
130.333
129.417
129.167
128.583
127.917
126.417
124.833
122
118.5
115.833
113.917
111.917
103.083
91
79.0833
71
62.4167
54.4167
44.5
38.8333
35.0833
32.3333
30.3333
29.3333
29
28.9167
28.5833
28.5833
28.0833
28.0833
27.9167
27.5
27.5
27.25
27.1667
27.0833
26.6667
26.3333
26.4167
28.1667
31.9167
36.5833
38.5833
43.5833
50.8333
51.0833
53.5
55.5833
56.75
52.1667
53.25
56.6667
62.5
66.75
64.9167
52.9167
49.5833
45.4167
42.5
41
38.5833
41.4167
49.5833
53.8333
62.5833
69
74.6667
78.4167
89.6667
99.6667
100.75
99.0833
153.167
152.917
153.083
152.5
152.417
151.833
151.667
151.5
151.25
150.917
150.75
150.75
150.25
149.917
149.917
149.5
149.083
148.5
148.417
148.167
148.083
147.75
147.25
147.417
147.5
147.083
146.833
146.583
146.417
146.167
146.083
145.833
145.417
145.167
145.333
145
144.667
144.583
144.333
143.833
143.667
143.333
143.167
143
142.833
142.417
142.083
142
141.5
141.167
140.583
139.417
137.917
132.583
130.25
130.083
129.917
129.167
128.917
128.25
126.75
123.917
119.667
114.5
112
110.667
106.75
96.0833
82.3333
69.9167
62.4167
53.8333
45.1667
39.9167
35.5
32.6667
31
30.0833
29.4167
29.3333
29.6667
29.9167
29.9167
29.1667
28.3333
28.25
27.9167
27.6667
27.8333
28
27.75
28
27.6667
27.3333
27.25
27.75
28.75
31
33
37.5833
42.3333
44.5
43.75
43
42.8333
40
42
44.0833
47.5
53.9167
56.1667
51
43.4167
38.8333
35.75
36
32.5833
32.75
40
43.75
49.25
58.6667
68
76.4167
80.0833
94.3333
103.25
104
153.417
153.167
153.167
153
152.583
152.25
152.25
151.667
151.5
151.167
151
150.333
150.417
150.083
149.667
149.417
149.167
148.667
148.583
148
148.333
148
147.833
147.5
147.5
147.25
147.083
146.917
146.667
146.583
146
146
146
145.583
145.5
145.333
144.75
144.583
144.083
144.167
143.75
143.583
143.333
143.083
143.083
142.75
142.5
142.25
141.583
141.25
141
140
133.667
131
130.167
129.75
128.917
128.167
127.417
127.083
125.333
117.75
110.917
108.583
104.917
97.25
83.6667
72
62.6667
53.8333
44
38.25
34.8333
32.8333
31.25
30.3333
30.4167
30.3333
31.1667
31.75
31.9167
31.1667
30.5
29.8333
29
28.8333
28.5
28.1667
28.3333
28.5
29.25
29
28.6667
28.0833
27.5833
27.1667
27.0833
27.8333
29.75
32.8333
36.0833
36.5
35.6667
35.25
36.0833
34.9167
34.4167
37.6667
39.1667
44.75
47.1667
43.5833
37.5833
36.25
32.5833
31.25
30.5
31.1667
34.5
38.3333
41.25
50.0833
57.9167
71.25
78
86.25
99.1667
105.833
153.667
153.25
153.083
152.75
152.667
152.417
152.083
151.667
151.417
151.5
151.167
150.833
150.417
150
149.417
149.417
149
148.75
148.833
148.167
148.417
148.25
147.917
147.917
147.417
147.333
147
147.083
146.5
146.833
146.333
146.167
145.75
145.417
145.25
145.25
145.167
144.667
144.5
144.083
144
143.667
143.583
143.583
143.25
143.083
142.417
141.917
141.667
141.667
141
136.583
131.167
130.25
129.333
128.25
127
124.167
119.75
113.25
104.417
99.0833
97.3333
94.5
89.75
76.25
62.75
52.9167
43.9167
38
34.3333
32.5833
31.4167
30.25
30.25
30.4167
31.1667
32.5
33.4167
33.3333
32.3333
31.5833
30.25
29.9167
29.3333
29.3333
29.25
29.25
29.25
29.25
29.6667
29.1667
29.25
28.8333
28.0833
27.6667
26.8333
26.3333
26.3333
29.25
31.25
31.1667
30.75
30.75
30.8333
30.5
31.5833
32.5
34.3333
36.3333
37.8333
37.4167
33.4167
31
30.1667
30.0833
30
31.5
33.75
37.5
38.1667
41.8333
48.9167
62.6667
72.8333
82.5
93.5
104.333
153.917
153.167
153
152.917
152.667
152.5
152.75
151.833
151.833
151.583
151.333
150.833
150.75
150.25
150
149.417
149.167
149.167
149.083
148.417
148.083
148.167
147.833
147.75
147.917
147.5
147.5
147.167
147
147.25
146.5
146.083
146
145.667
145.5
145.333
145.5
145
144.75
144.5
144.417
144
143.75
143.25
143.25
142.75
142.75
142.417
142
141.5
139.5
132.917
130.75
128.583
125.333
121.333
118.833
113.333
105.25
94.75
89.5
86.4167
86.4167
77.75
68.4167
57.9167
47.25
39.1667
34.9167
33.5
31.75
30.6667
30.25
30.1667
31
32.5
33.3333
33.6667
33.25
32.9167
32.0833
31.4167
30.5
29.8333
29.8333
30
30.3333
30.8333
30.4167
30.3333
30.25
29.8333
29.3333
28.8333
28.4167
27.5833
26.9167
26.5
26
25.75
28.1667
29
28.5
28.3333
28.5
28.3333
28.4167
28.75
30.6667
30.8333
31.3333
30.3333
29.5
29.4167
29.5
29.8333
30.6667
31.8333
34.3333
37
38.1667
38.9167
41.5833
54.9167
68.75
79.25
89.6667
101.75
153.667
153.5
153.5
152.833
152.75
152.417
152.5
152.083
151.917
151.5
151.25
151.333
150.917
150.5
149.917
149.5
149.5
149.417
149.083
149
148.75
148.5
148.083
147.667
147.917
147.417
147.417
147.25
147
147
146.5
146.167
145.917
145.833
145.583
145.5
145.333
144.833
144.667
144.333
144.167
143.917
143.583
143.583
143.333
142.667
142.583
142.25
141.917
140.833
136.167
130.167
127.667
124.75
122.333
117.917
111.917
103.417
93.0833
85.4167
78.5
72.5833
65.1667
55
48.8333
41.75
35.5833
33.25
32
31
30.6667
30.5
30.9167
31.5
32.5
32.8333
33.1667
33.3333
33
32.4167
31.4167
30.9167
30.4167
30.3333
30.5833
30.4167
30.5833
31
31.25
31.5
30.8333
30.0833
29.25
28.5
28.1667
27.75
27.4167
27.1667
26.6667
26
25.5833
27.25
27.6667
27.25
27.1667
27.25
27.3333
27.6667
28
28.3333
28.0833
28.3333
28.8333
29.0833
29.5
30.5
31.3333
33.0833
34.5833
37.1667
38.3333
39.4167
39.5833
47
66.25
74.5833
87.3333
98.5
154.167
154.167
153.5
153.083
152.833
152.5
152.333
152.25
152
151.917
151.833
151.417
150.667
150.083
150
149.75
149.5
149.5
149.25
149.167
148.917
148.333
148.417
148
147.917
147.667
147.583
147.25
147.083
147
146.667
146.583
146.417
146.5
145.833
145.333
145.417
145.083
144.833
144.5
144.5
144.333
144
143.917
143.583
143.083
142.583
141.833
141.833
140.083
132.833
129.5
127.417
125.167
119.917
114.333
107.167
98.25
87.5833
83.0833
77.0833
67.4167
55.8333
44.75
37.75
34.25
32.9167
31.5
30.75
30.75
30.6667
30.8333
31.25
32.25
32.25
32.8333
32.6667
32.75
32.0833
31.3333
30.6667
31
30.8333
31.0833
31.3333
31.5833
32
31.75
31.25
31.0833
30.75
29.8333
29.25
28.6667
28.5
28.0833
27.75
27.3333
27.25
26.75
25.8333
25.3333
26.8333
27.25
27.0833
26.9167
26.6667
26.9167
27.1667
27.4167
27.75
28
28.5
29.1667
29.8333
30.9167
32
34.0833
34.6667
37.5833
38.75
39.9167
40.1667
43.6667
60.8333
73.75
85.0833
97.0833
154
153.75
153.417
153.333
153.083
153
152.667
152.917
152.417
151.917
151.583
151.417
150.667
150.5
150.25
150
149.75
149.667
149.667
149.417
148.833
149
148.667
148.333
148.25
147.917
147.167
147.25
147
146.75
146.667
146.667
146.5
146.167
146
145.75
145.5
144.917
144.583
144.5
144.417
144.083
143.75
143.25
143.25
143.25
142.583
141.917
140.833
134.75
132.167
130.333
127.833
124.75
119.083
111.5
104
96.0833
89.5
80.75
68
54.5
44.6667
38.25
33.6667
32.4167
31.4167
30.9167
30.5
30.5833
30.8333
31.3333
32.3333
32.3333
32.5833
32.4167
32.5833
32.0833
31.6667
31.5833
31.75
32
31.75
31.75
31.8333
32.4167
32.5833
32.0833
31.6667
31.3333
31.0833
30.4167
29.6667
28.75
28.1667
27.9167
28.0833
27.8333
27.5
27.4167
26.6667
25.6667
25.25
26.5
27
26.75
26.75
26.5
26.75
27.1667
27.3333
27.75
28.4167
29.1667
29.9167
31.0833
33.5
34.8333
35.75
37.75
39.3333
40.25
41.1667
44.25
54.9167
73.3333
82.6667
94.9167
154
154
153.917
153.5
153.417
153.25
152.75
152.5
152.333
152.333
152.083
151.833
151.25
150.917
150.25
150
149.917
149.75
149.417
149.25
148.917
148.833
148.667
148.25
148
148
147.5
147.5
147.333
146.917
146.417
146.5
146.5
146.333
146
145.75
145.25
145.167
144.917
144.5
144.167
144
143.75
143.667
143.25
143.25
142.917
142.167
136.417
133.083
131.417
130.167
127.833
123.917
117.5
110.917
106.083
101.333
89.5
73.5833
57.9167
46.8333
38.8333
34.9167
32.9167
32.1667
30.8333
30.6667
30.5
31.1667
31.1667
31.9167
32.9167
33.25
32.9167
32.25
32.1667
32.0833
32.25
32.4167
32.0833
32.5
33.1667
33.0833
33
33.4167
34
34.25
33.5
32.75
32.25
31.5
30.3333
29.6667
28.8333
28.5833
28.6667
28.25
28.0833
28
27.75
27.0833
26
25
26.1667
26.9167
26.8333
26.75
26.6667
27
27.25
27.5833
28.4167
29.1667
30.1667
32.25
34.5833
35.1667
37.3333
38.4167
39.5833
40.9167
42.1667
45
53
72.5833
82.4167
94
154
153.833
153.833
153.5
153.167
152.917
152.917
152.5
152.333
152
151.917
152
151.417
150.917
150.75
150.333
150.083
150
149.917
149.5
149.167
149
148.75
148.5
148.5
148.25
148
148
147.583
147.25
146.833
146.417
146.75
146.25
145.917
145.75
145.5
145.167
144.833
144.583
144.167
144.5
144.167
143.667
143.333
143.167
142.917
138.333
133.833
132.75
131.083
129.667
126.333
121.833
115.833
110.167
102.583
92.4167
79.1667
63
48.3333
40.25
36.3333
34.5833
33
31.75
31.25
31.3333
31.4167
31.9167
32.1667
33.3333
34.4167
34.3333
33.3333
32.9167
33.25
33.4167
33.25
33.3333
33.4167
33.6667
34.3333
34.5833
35.5
35.6667
36.4167
36.3333
35.75
35
34
32.9167
31.9167
31.25
30.75
30.25
29.4167
29.0833
29.3333
29.25
28.8333
28.25
27.0833
25.8333
25.3333
26.5
26.8333
26.9167
26.8333
26.8333
26.8333
27.5833
28.1667
29
30.4167
32.4167
34.3333
36.1667
38.3333
39.3333
40.25
41.25
43.1667
46.4167
53.5
72.0833
83.75
94
154.5
154.417
154
153.833
153.583
153.083
152.75
152.5
152.667
152.5
152.25
152.25
151.917
151.5
150.833
150.5
150.167
149.833
149.75
149.5
149.25
149
148.833
148.75
148.583
148.167
147.917
147.833
147.667
147.25
147.083
146.667
146.583
146.5
146.417
145.583
145.417
145.333
145.25
145.083
144.75
144.417
144.333
144
143.583
143.667
139.25
134.5
133.417
132.417
131.333
130.167
125.333
120.333
115.083
108.667
98.1667
85.0833
69.0833
52.3333
42.1667
37.75
36.4167
34.6667
33
32.3333
32.6667
33
33.75
34.5
35.1667
35.6667
35.5833
35.0833
35
34.75
34.6667
34.5833
34.3333
34.5833
35.3333
35.9167
36.3333
37.3333
38.0833
38.6667
38.9167
38.75
38.3333
37.5833
36.6667
35.4167
34.1667
33.1667
32.4167
32
31.3333
30.6667
30.5
30.0833
29.8333
29.5
28.4167
27.1667
25.75
25.1667
26.1667
26.9167
26.9167
26.9167
27
27.3333
28.0833
28.9167
30.25
33.0833
35
37.0833
38.75
39.9167
41.0833
41.9167
43.5833
48.6667
55.4167
72.0833
84
94.25
154.667
154.417
154.167
154
153.75
153.333
153.333
152.583
152.5
152.25
152.167
151.917
152
151.917
151.167
150.917
150.25
149.917
149.75
149.833
149.5
149.083
149.25
148.917
148.667
148.083
148.167
147.833
147.583
147
147.083
146.583
146.583
146.417
146.25
146.083
145.667
145.333
144.917
144.667
144.333
144.083
143.833
143.833
143.25
138.917
134.917
134
133.083
132.167
130.833
128.417
123.333
119.5
114
105.25
89.9167
74.0833
56.4167
44.75
39.5833
36.8333
35.25
33.9167
33.6667
33.5833
34.8333
36.3333
36.9167
37.5833
38.0833
37.8333
37.0833
37.0833
36.9167
36.5
35.9167
35.5833
36.25
37.4167
37.8333
38.3333
39
40.5
41.5
42.25
42.5
42.5833
41.4167
40.5
38.5
37.6667
36.4167
35.0833
34.3333
34
33.25
33.0833
32.3333
31.4167
31.0833
30.1667
29.3333
28
26.5833
25.25
24.4167
25.3333
26.6667
26.9167
27
27.6667
28.1667
29
29.75
32.4167
35.3333
38.0833
39.3333
40.25
40.8333
41.5833
44.3333
50.4167
57.5833
72.5
86.3333
95.75
eigen_values:
1.09263e+06
339717
194421
85262.9
69995.5
53239.8
29249.4
24536.5
21888.9
9063.27
5225.35
-2.2182e-12
